D:\MASSHUNTER\GCMS\1\DATA\DR_Sv_0655_1.D Tue Sep 06 21:23:56 2022
Start of data points
4.09418,17184
4.10107,18179
4.10797,19444
4.11487,18139
4.12175,16638
4.12865,16669
4.13555,16504
4.14245,16733
4.14933,16057
4.15623,16591
4.16313,14988
4.17002,16715
4.17692,15993
4.18382,16849
4.19072,16511
4.19760,17159
4.20450,16077
4.21140,16746
4.21830,15531
4.22518,15934
4.23208,14673
4.23898,15389
4.24587,15019
4.25277,17008
4.25967,15645
4.26657,17431
4.27345,19178
4.28035,19746
4.28725,19193
4.29415,20034
4.30103,19556
4.30793,20843
4.31483,20547
4.32172,20285
4.32862,18962
4.33552,19944
4.34242,20892
4.34930,20602
4.35620,21954
4.36310,20258
4.36998,19691
4.37688,19411
4.38378,19762
4.39068,19569
4.39757,18790
4.40447,19283
4.41137,18637
4.41827,20126
4.42515,17911
4.43205,19223
4.43895,17765
4.44583,18698
4.45273,18996
4.45963,18326
4.46653,18630
4.47342,19383
4.48032,18720
4.48722,17869
4.49412,18668
4.50100,18452
4.50790,18597
4.51480,18595
4.52168,18655
4.52858,18462
4.53548,18257
4.54238,17599
4.54927,16938
4.55617,17287
4.56307,18369
4.56995,17393
4.57685,17382
4.58375,17175
4.59065,18581
4.59753,17778
4.60443,16941
4.61133,18663
4.61823,17884
4.62512,16834
4.63202,18077
4.63892,17730
4.64580,18441
4.65270,18056
4.65960,19117
4.66650,17179
4.67338,17254
4.68028,19918
4.68718,20434
4.69407,21213
4.70097,21680
4.70787,22979
4.71477,22054
4.72165,23610
4.72855,24241
4.73545,25930
4.74235,23673
4.74923,22349
4.75613,22993
4.76303,23804
4.76992,21518
4.77682,22498
4.78372,22876
4.79062,23730
4.79750,22346
4.80440,22957
4.81130,22016
4.81820,22731
4.82508,22429
4.83198,22825
4.83888,23078
4.84577,22717
4.85267,23118
4.85957,22984
4.86647,21953
4.87335,22592
4.88025,22485
4.88715,23611
4.89403,24659
4.90093,30085
4.90783,33630
4.91473,35746
4.92162,37067
4.92852,38041
4.93542,38933
4.94232,38079
4.94920,36862
4.95610,37154
4.96300,34391
4.96988,33704
4.97678,32260
4.98368,32574
4.99058,32329
4.99747,29856
5.00437,29300
5.01127,29253
5.01817,28455
5.02505,26564
5.03195,26575
5.03885,24273
5.04573,26015
5.05263,22478
5.05953,24975
5.06643,24969
5.07332,23004
5.08022,21871
5.08712,21737
5.09400,21514
5.10090,22974
5.10780,21212
5.11470,20017
5.12158,20716
5.12848,19151
5.13538,20744
5.14228,18644
5.14917,18976
5.15607,19775
5.16297,19779
5.16985,18537
5.17675,18080
5.18365,18679
5.19055,17123
5.19743,18273
5.20433,17074
5.21123,17377
5.21813,18709
5.22502,16684
5.23192,18708
5.23882,16289
5.24570,14159
5.25260,15228
5.25950,15007
5.26640,14113
5.27328,14256
5.28018,14048
5.28708,14175
5.29397,14259
5.30087,15319
5.30777,13887
5.31467,12612
5.32155,14253
5.32845,13917
5.33535,14076
5.34225,15350
5.34913,14059
5.35603,13187
5.36293,13976
5.36982,12739
5.37672,13743
5.38362,12746
5.39052,13544
5.39740,13480
5.40430,12815
5.41120,12887
5.41810,12638
5.42498,12228
5.43188,14250
5.43878,12847
5.44567,14928
5.45257,14013
5.45947,15012
5.46637,15262
5.47325,16401
5.48015,15464
5.48705,16929
5.49393,17592
5.50083,19224
5.50773,19813
5.51463,20009
5.52152,19029
5.52842,20614
5.53532,21437
5.54222,20745
5.54910,20650
5.55600,20173
5.56290,21331
5.56978,20942
5.57668,20559
5.58358,21011
5.59048,21367
5.59737,20275
5.60427,21084
5.61117,20896
5.61805,20763
5.62495,20904
5.63185,20634
5.63875,22141
5.64563,20990
5.65253,21545
5.65943,19997
5.66633,22956
5.67322,19863
5.68012,20677
5.68702,22269
5.69390,21567
5.70080,21311
5.70770,21023
5.71460,21264
5.72148,19647
5.72838,20349
5.73528,21684
5.74218,20428
5.74907,20444
5.75597,21350
5.76287,20435
5.76975,21312
5.77665,20228
5.78355,20262
5.79045,21476
5.79733,19997
5.80423,19689
5.81113,20307
5.81802,21339
5.82492,19350
5.83182,18856
5.83872,16587
5.84560,15681
5.85250,13484
5.85940,13532
5.86630,14612
5.87318,13935
5.88008,11194
5.88698,12420
5.89387,11142
5.90077,11055
5.90767,11836
5.91457,12271
5.92145,12131
5.92835,12147
5.93525,11570
5.94215,11799
5.94903,12587
5.95593,11655
5.96283,12230
5.96972,12296
5.97662,13030
5.98352,12710
5.99042,11081
5.99730,11895
6.00420,11631
6.01110,12400
6.01798,11605
6.02488,12234
6.03178,12110
6.03868,12131
6.04557,12185
6.05247,12996
6.05937,11842
6.06627,12370
6.07315,11361
6.08005,12042
6.08695,12335
6.09383,11996
6.10073,11018
6.10763,12789
6.11453,11726
6.12142,12386
6.12832,12590
6.13522,11945
6.14212,12527
6.14900,13238
6.15590,13501
6.16280,12168
6.16968,11433
6.17658,12933
6.18348,10358
6.19038,11169
6.19727,12955
6.20417,11776
6.21107,11934
6.21795,11583
6.22485,11906
6.23175,12194
6.23865,10724
6.24553,11276
6.25243,11080
6.25933,11053
6.26623,10969
6.27312,11080
6.28002,12803
6.28692,11564
6.29380,13187
6.30070,11764
6.30760,11556
6.31450,12046
6.32138,11203
6.32828,11081
6.33518,11736
6.34207,10183
6.34897,12474
6.35587,10786
6.36277,10743
6.36965,11413
6.37655,11212
6.38345,11824
6.39035,11929
6.39723,12497
6.40413,11109
6.41103,11578
6.41792,12820
6.42482,11642
6.43172,11151
6.43862,12417
6.44550,12817
6.45240,13126
6.45930,11328
6.46620,13067
6.47308,11280
6.47998,12091
6.48688,12253
6.49377,10920
6.50067,11599
6.50757,11397
6.51447,11719
6.52135,11900
6.52825,10226
6.53515,10888
6.54203,10456
6.54893,10345
6.55583,12222
6.56273,11164
6.56962,11781
6.57652,12789
6.58342,10790
6.59032,11077
6.59720,11390
6.60410,12091
6.61100,10853
6.61788,12900
6.62478,11545
6.63168,10263
6.63858,10535
6.64547,10684
6.65237,11799
6.65927,10724
6.66617,10939
6.67305,11678
6.67995,10465
6.68685,10735
6.69373,12679
6.70063,12541
6.70753,11260
6.71443,11883
6.72132,11059
6.72822,11477
6.73512,11361
6.74200,11406
6.74890,9845
6.75580,10500
6.76270,10394
6.76958,11394
6.77648,11486
6.78338,10660
6.79028,11231
6.79717,11447
6.80407,12382
6.81097,11452
6.81785,11676
6.82475,10288
6.83165,12389
6.83855,10922
6.84543,10685
6.85233,13048
6.85923,11898
6.86613,10260
6.87302,10652
6.87992,12487
6.88682,12402
6.89370,12999
6.90060,13836
6.90750,15525
6.91440,16207
6.92128,16216
6.92818,17863
6.93508,15886
6.94197,16241
6.94887,16037
6.95577,16416
6.96267,16194
6.96955,15002
6.97645,14110
6.98335,14297
6.99025,14516
6.99713,13595
7.00403,14321
7.01093,13815
7.01782,14361
7.02472,13460
7.03162,14038
7.03852,13465
7.04540,15168
7.05230,12820
7.05920,13047
7.06610,12679
7.07298,13062
7.07988,13158
7.08678,13012
7.09367,14083
7.10057,14411
7.10747,13594
7.11437,15034
7.12125,14179
7.12815,15136
7.13505,15745
7.14193,17147
7.14883,18953
7.15573,23910
7.16263,29045
7.16952,36699
7.17642,40411
7.18332,43848
7.19022,43538
7.19710,41001
7.20400,38340
7.21090,35986
7.21778,35100
7.22468,31864
7.23158,30669
7.23848,27108
7.24537,26096
7.25227,24543
7.25917,24231
7.26607,21816
7.27295,20357
7.27985,20572
7.28675,19611
7.29363,17831
7.30053,17770
7.30743,17995
7.31433,16965
7.32122,15227
7.32812,15333
7.33502,14532
7.34190,15041
7.34880,15496
7.35570,14820
7.36260,14706
7.36948,14277
7.37638,13713
7.38328,13976
7.39018,12082
7.39707,14251
7.40397,11849
7.41087,12534
7.41775,11908
7.42465,14066
7.43155,11483
7.43845,12739
7.44533,11767
7.45223,10888
7.45913,11047
7.46602,10608
7.47292,10913
7.47982,11071
7.48672,12498
7.49360,11083
7.50050,11019
7.50740,11011
7.51430,10704
7.52118,10551
7.52808,10826
7.53498,10503
7.54187,11272
7.54877,10655
7.55567,10663
7.56257,10560
7.56945,11658
7.57635,10205
7.58325,11073
7.59015,9742
7.59703,10766
7.60393,10034
7.61083,11545
7.61772,11555
7.62462,9727
7.63152,11325
7.63842,10037
7.64530,10703
7.65220,11160
7.65910,9930
7.66598,9971
7.67288,11252
7.67978,9768
7.68668,10155
7.69357,11536
7.70047,11154
7.70737,11033
7.71427,10531
7.72115,9817
7.72805,9944
7.73495,11219
7.74183,10904
7.74873,10676
7.75563,10081
7.76253,10489
7.76942,9929
7.77632,10327
7.78322,10552
7.79012,10378
7.79700,10797
7.80390,10125
7.81080,10782
7.81768,9231
7.82458,9950
7.83148,8738
7.83838,11422
7.84527,10922
7.85217,10644
7.85907,9833
7.86595,10145
7.87285,11316
7.87975,10868
7.88665,10545
7.89353,10066
7.90043,10047
7.90733,10136
7.91423,11019
7.92112,10609
7.92802,10291
7.93492,9331
7.94180,10078
7.94870,9787
7.95560,9625
7.96250,10891
7.96938,10491
7.97628,9871
7.98318,10462
7.99008,10960
7.99697,9370
8.00387,10899
8.01077,9626
8.01765,9108
8.02455,10707
8.03145,9699
8.03835,10235
8.04523,10227
8.05213,9943
8.05903,9115
8.06592,10880
8.07282,9631
8.07972,10322
8.08662,10203
8.09350,9504
8.10040,10062
8.10730,9638
8.11420,10885
8.12108,10661
8.12798,10265
8.13488,8840
8.14177,9943
8.14867,9429
8.15557,10277
8.16247,9495
8.16935,8390
8.17625,9696
8.18315,10205
8.19005,9020
8.19693,9685
8.20383,9526
8.21073,9487
8.21762,9076
8.22452,9541
8.23142,9370
8.23832,9281
8.24520,10061
8.25210,8164
8.25900,9393
8.26588,9973
8.27278,8920
8.27968,10550
8.28658,10280
8.29347,8538
8.30037,8811
8.30727,10945
8.31417,10719
8.32105,9890
8.32795,9133
8.33485,9211
8.34173,9793
8.34863,9077
8.35553,9318
8.36243,9673
8.36932,9639
8.37622,9384
8.38312,9309
8.39000,8902
8.39690,9834
8.40380,10975
8.41070,9313
8.41758,9222
8.42448,10659
8.43138,9172
8.43828,9335
8.44517,9529
8.45207,11204
8.45897,9898
8.46585,11269
8.47275,13749
8.47965,16227
8.48655,15011
8.49343,17236
8.50033,17790
8.50723,17021
8.51413,17089
8.52102,17209
8.52792,14774
8.53482,14197
8.54170,14554
8.54860,13331
8.55550,12101
8.56240,12828
8.56928,12176
8.57618,12391
8.58308,12122
8.58997,11366
8.59687,11249
8.60377,11948
8.61067,10688
8.61755,11521
8.62445,10963
8.63135,10829
8.63825,10181
8.64513,8987
8.65203,9851
8.65893,9284
8.66582,9942
8.67272,9447
8.67962,8784
8.68652,9009
8.69340,8611
8.70030,8794
8.70720,9930
8.71410,9346
8.72098,8841
8.72788,7721
8.73478,9229
8.74167,8404
8.74857,8907
8.75547,9317
8.76237,9441
8.76925,9643
8.77615,8678
8.78305,9170
8.78993,8475
8.79683,9672
8.80373,8978
8.81063,8812
8.81752,9311
8.82442,9590
8.83132,9306
8.83822,8390
8.84510,9603
8.85200,10674
8.85890,9562
8.86578,9375
8.87268,10038
8.87958,8578
8.88648,10310
8.89337,9415
8.90027,8965
8.90717,9634
8.91407,11052
8.92095,12997
8.92785,15004
8.93475,16258
8.94163,19432
8.94853,17019
8.95543,18000
8.96233,16703
8.96922,15444
8.97612,14185
8.98302,14375
8.98990,15417
8.99680,14009
9.00370,14041
9.01060,13902
9.01748,12824
9.02438,13084
9.03128,12285
9.03818,12667
9.04507,11026
9.05197,12890
9.05887,12119
9.06575,12529
9.07265,11085
9.07955,10812
9.08645,11559
9.09333,10975
9.10023,9868
9.10713,9653
9.11402,11257
9.12092,10261
9.12782,10895
9.13472,10019
9.14160,11435
9.14850,9868
9.15540,10621
9.16230,11204
9.16918,10359
9.17608,10178
9.18298,9403
9.18987,9847
9.19677,9311
9.20367,10354
9.21057,10060
9.21745,9945
9.22435,9378
9.23125,10059
9.23815,9623
9.24503,9609
9.25193,9666
9.25883,9835
9.26572,9820
9.27262,9281
9.27952,9192
9.28642,9042
9.29330,10485
9.30020,9469
9.30710,9432
9.31398,10069
9.32088,9335
9.32778,10181
9.33468,9516
9.34157,10316
9.34847,9084
9.35537,10321
9.36227,11078
9.36915,9822
9.37605,9400
9.38295,9486
9.38983,8947
9.39673,9714
9.40363,10087
9.41053,9362
9.41742,10428
9.42432,10709
9.43122,9369
9.43812,10217
9.44500,9724
9.45190,9805
9.45880,9428
9.46568,9880
9.47258,8652
9.47948,9225
9.48638,9855
9.49327,10120
9.50017,9688
9.50707,10142
9.51395,10190
9.52085,9677
9.52775,10220
9.53465,10320
9.54153,10347
9.54843,9940
9.55533,9011
9.56223,9436
9.56912,10407
9.57602,9395
9.58292,9373
9.58980,8672
9.59670,9112
9.60360,9234
9.61050,8813
9.61738,10234
9.62428,9630
9.63118,10472
9.63808,8919
9.64497,9603
9.65187,8931
9.65877,10219
9.66565,14607
9.67255,18161
9.67945,25698
9.68635,36522
9.69323,43167
9.70013,48638
9.70703,46897
9.71392,44763
9.72082,39288
9.72772,36091
9.73462,30754
9.74150,31298
9.74840,24853
9.75530,22081
9.76220,21431
9.76908,19515
9.77598,18416
9.78288,18056
9.78977,16556
9.79667,15435
9.80357,14069
9.81047,13357
9.81735,12596
9.82425,11713
9.83115,11418
9.83803,11177
9.84493,11702
9.85183,11089
9.85873,11980
9.86562,9917
9.87252,9828
9.87942,11766
9.88632,8603
9.89320,9890
9.90010,9012
9.90700,9916
9.91388,9893
9.92078,9620
9.92768,10123
9.93458,8865
9.94147,8460
9.94837,9151
9.95527,8793
9.96217,8706
9.96905,9601
9.97595,9430
9.98285,8605
9.98973,9265
9.99663,9508
10.00353,8428
10.01043,8659
10.01732,8537
10.02422,8511
10.03112,8621
10.03800,8943
10.04490,8740
10.05180,10461
10.05870,10650
10.06558,9023
10.07248,8980
10.07938,8895
10.08628,9352
10.09317,8503
10.10007,8033
10.10697,9467
10.11385,8951
10.12075,9003
10.12765,9800
10.13455,8988
10.14143,9274
10.14833,8498
10.15523,8729
10.16213,10057
10.16902,8852
10.17592,9141
10.18282,8396
10.18970,10871
10.19660,8701
10.20350,9791
10.21040,10303
10.21728,8711
10.22418,8072
10.23108,8777
10.23797,9038
10.24487,8234
10.25177,9150
10.25867,9316
10.26555,8944
10.27245,8695
10.27935,8727
10.28625,9315
10.29313,8216
10.30003,8511
10.30693,9045
10.31382,8875
10.32072,7918
10.32762,8155
10.33452,10174
10.34140,9181
10.34830,8835
10.35520,9413
10.36210,8447
10.36898,9412
10.37588,8846
10.38278,9236
10.38967,7438
10.39657,9604
10.40347,8426
10.41037,9851
10.41725,9423
10.42415,9157
10.43105,10596
10.43793,9048
10.44483,10810
10.45173,10147
10.45863,9153
10.46552,9338
10.47242,8510
10.47932,10819
10.48622,8975
10.49310,9256
10.50000,9107
10.50690,8073
10.51378,8710
10.52068,8503
10.52758,9420
10.53448,8555
10.54137,9008
10.54827,8281
10.55517,9238
10.56207,8874
10.56895,8337
10.57585,8350
10.58275,9278
10.58963,8098
10.59653,8180
10.60343,7859
10.61033,10492
10.61722,8603
10.62412,8898
10.63102,8420
10.63790,8685
10.64480,8966
10.65170,8637
10.65860,8540
10.66548,8528
10.67238,9255
10.67928,8661
10.68618,8334
10.69307,7503
10.69997,8737
10.70687,8968
10.71375,8476
10.72065,9402
10.72755,8922
10.73445,8326
10.74133,8659
10.74823,8446
10.75513,8664
10.76203,8692
10.76892,9365
10.77582,8184
10.78272,8160
10.78960,8329
10.79650,8659
10.80340,9018
10.81030,8531
10.81718,9655
10.82408,8908
10.83098,9248
10.83787,8932
10.84477,8714
10.85167,9309
10.85857,8984
10.86545,8680
10.87235,9321
10.87925,8709
10.88615,9017
10.89303,8862
10.89993,10023
10.90683,12188
10.91372,12297
10.92062,13222
10.92752,13127
10.93442,10756
10.94130,10230
10.94820,9764
10.95510,10335
10.96200,10957
10.96888,9181
10.97578,12138
10.98268,10766
10.98957,14799
10.99647,15657
11.00337,15347
11.01027,16047
11.01715,15131
11.02405,13713
11.03095,13681
11.03783,12239
11.04473,12205
11.05163,11539
11.05853,12567
11.06542,11049
11.07232,10355
11.07922,11138
11.08612,9402
11.09300,10987
11.09990,9566
11.10680,9970
11.11368,10438
11.12058,9558
11.12748,9589
11.13438,9466
11.14127,8727
11.14817,9903
11.15507,10718
11.16195,9677
11.16885,10032
11.17575,9974
11.18265,11005
11.18953,9278
11.19643,9205
11.20333,10317
11.21023,9809
11.21712,9868
11.22402,9356
11.23092,8939
11.23780,9569
11.24470,8730
11.25160,8654
11.25850,9906
11.26538,9343
11.27228,8299
11.27918,8616
11.28608,10323
11.29297,7646
11.29987,8386
11.30677,8569
11.31365,7683
11.32055,8097
11.32745,8012
11.33435,8046
11.34123,9174
11.34813,9009
11.35503,9365
11.36192,8837
11.36882,8958
11.37572,9982
11.38262,9979
11.38950,9603
11.39640,9326
11.40330,12028
11.41020,13582
11.41708,15028
11.42398,15641
11.43088,15300
11.43777,17473
11.44467,15084
11.45157,15666
11.45847,14264
11.46535,13529
11.47225,14096
11.47915,12876
11.48605,12920
11.49293,11867
11.49983,12675
11.50673,12308
11.51362,11374
11.52052,11332
11.52742,10860
11.53432,11223
11.54120,10639
11.54810,11162
11.55500,10711
11.56188,11911
11.56878,12364
11.57568,10461
11.58258,9814
11.58947,9768
11.59637,11630
11.60327,9611
11.61017,9508
11.61705,9574
11.62395,9078
11.63085,9524
11.63773,9809
11.64463,8366
11.65153,8738
11.65843,8039
11.66532,8846
11.67222,7836
11.67912,9181
11.68602,8583
11.69290,9926
11.69980,8763
11.70670,8841
11.71358,7258
11.72048,8608
11.72738,9396
11.73428,9081
11.74117,9703
11.74807,8776
11.75497,8689
11.76185,7919
11.76875,8845
11.77565,8705
11.78255,8508
11.78943,8730
11.79633,7918
11.80323,7512
11.81013,8810
11.81702,8682
11.82392,8556
11.83082,9761
11.83770,8370
11.84460,8128
11.85150,8545
11.85840,9006
11.86528,9225
11.87218,9207
11.87908,9262
11.88597,8879
11.89287,10158
11.89977,8790
11.90667,10406
11.91355,8774
11.92045,9508
11.92735,9352
11.93425,8470
11.94113,10412
11.94803,8690
11.95493,8610
11.96182,9090
11.96872,8645
11.97562,9096
11.98252,8529
11.98940,8773
11.99630,8106
12.00320,7835
12.01010,8557
12.01698,8431
12.02388,8097
12.03078,8545
12.03767,7972
12.04457,10010
12.05147,9003
12.05837,10526
12.06525,11610
12.07215,10543
12.07905,9936
12.08593,11087
12.09283,10558
12.09973,10151
12.10663,9844
12.11352,9482
12.12042,8872
12.12732,9903
12.13422,9292
12.14110,9382
12.14800,9245
12.15490,9480
12.16178,9688
12.16868,8840
12.17558,9019
12.18248,7454
12.18937,8754
12.19627,8300
12.20317,8637
12.21007,8739
12.21695,7309
12.22385,7900
12.23075,8364
12.23763,8141
12.24453,8906
12.25143,8884
12.25833,9601
12.26522,8100
12.27212,8321
12.27902,10155
12.28590,9194
12.29280,10939
12.29970,11109
12.30660,9800
12.31348,8956
12.32038,9154
12.32728,8866
12.33418,8681
12.34107,8929
12.34797,8682
12.35487,9797
12.36175,7636
12.36865,8274
12.37555,7827
12.38245,8827
12.38933,7156
12.39623,8627
12.40313,7340
12.41003,8992
12.41692,7635
12.42382,7789
12.43072,7890
12.43760,8572
12.44450,8972
12.45140,8596
12.45830,7511
12.46518,8005
12.47208,7376
12.47898,7771
12.48587,7571
12.49277,8249
12.49967,8271
12.50657,8067
12.51345,7725
12.52035,7416
12.52725,8302
12.53415,7112
12.54103,7562
12.54793,8194
12.55483,8072
12.56172,8141
12.56862,9013
12.57552,8593
12.58242,7759
12.58930,7605
12.59620,8605
12.60310,8301
12.61000,8703
12.61688,8194
12.62378,8076
12.63068,8031
12.63757,8832
12.64447,8243
12.65137,7562
12.65827,8452
12.66515,8254
12.67205,8249
12.67895,8508
12.68583,7437
12.69273,8056
12.69963,9101
12.70653,7936
12.71342,8474
12.72032,8827
12.72722,11055
12.73412,12153
12.74100,14202
12.74790,16730
12.75480,17777
12.76168,16730
12.76858,15783
12.77548,15079
12.78238,12904
12.78927,12632
12.79617,13619
12.80307,11370
12.80995,11264
12.81685,11079
12.82375,10721
12.83065,9601
12.83753,9827
12.84443,9922
12.85133,9748
12.85823,9808
12.86512,8745
12.87202,10827
12.87892,10826
12.88580,13968
12.89270,15501
12.89960,17980
12.90650,22905
12.91338,21425
12.92028,20868
12.92718,20255
12.93408,18727
12.94097,15842
12.94787,13437
12.95477,10629
12.96165,10878
12.96855,10845
12.97545,10098
12.98235,9194
12.98923,9195
12.99613,8298
13.00303,8296
13.00992,9008
13.01682,8869
13.02372,8896
13.03062,9677
13.03750,9022
13.04440,8721
13.05130,8430
13.05820,8803
13.06508,8574
13.07198,8867
13.07888,8788
13.08577,7696
13.09267,8969
13.09957,9294
13.10647,9047
13.11335,8203
13.12025,7601
13.12715,8721
13.13405,8188
13.14093,8299
13.14783,9851
13.15473,8722
13.16162,8491
13.16852,10262
13.17542,7534
13.18232,8509
13.18920,9446
13.19610,8428
13.20300,8424
13.20988,8741
13.21678,8341
13.22368,7909
13.23058,7291
13.23747,8102
13.24437,7935
13.25127,7768
13.25817,8394
13.26505,7747
13.27195,6962
13.27885,8756
13.28573,8249
13.29263,7705
13.29953,7841
13.30643,8166
13.31332,7695
13.32022,7993
13.32712,8469
13.33402,7536
13.34090,8203
13.34780,7610
13.35470,8598
13.36158,8381
13.36848,7249
13.37538,9669
13.38228,8971
13.38917,7949
13.39607,9636
13.40297,9157
13.40985,8479
13.41675,8193
13.42365,7489
13.43055,7880
13.43743,7825
13.44433,7912
13.45123,7447
13.45813,8486
13.46502,7063
13.47192,7568
13.47882,8127
13.48570,7770
13.49260,8467
13.49950,7494
13.50640,6774
13.51328,7510
13.52018,8084
13.52708,8737
13.53398,9758
13.54087,8123
13.54777,8679
13.55467,9425
13.56155,9345
13.56845,8167
13.57535,8821
13.58225,9044
13.58913,9064
13.59603,7983
13.60293,9017
13.60982,8785
13.61672,9588
13.62362,7910
13.63052,9337
13.63740,8180
13.64430,8573
13.65120,7511
13.65810,8292
13.66498,8466
13.67188,8940
13.67878,8466
13.68567,8571
13.69257,8031
13.69947,8772
13.70637,8725
13.71325,9114
13.72015,8527
13.72705,8218
13.73395,8858
13.74083,8772
13.74773,8990
13.75463,7840
13.76152,7465
13.76842,7901
13.77532,8878
13.78222,8689
13.78910,8056
13.79600,8466
13.80290,7982
13.80978,9522
13.81668,7596
13.82358,7713
13.83048,7514
13.83737,8663
13.84427,7719
13.85117,7901
13.85807,8754
13.86495,8663
13.87185,7700
13.87875,9040
13.88563,9147
13.89253,9873
13.89943,10134
13.90633,10030
13.91322,9927
13.92012,9350
13.92702,10809
13.93390,8665
13.94080,8367
13.94770,8716
13.95460,7948
13.96148,8986
13.96838,8052
13.97528,10014
13.98218,8786
13.98907,8121
13.99597,8857
14.00287,7451
14.00975,7701
14.01665,8349
14.02355,7559
14.03045,8208
14.03733,8151
14.04423,9371
14.05113,7816
14.05803,8429
14.06492,8197
14.07182,8302
14.07872,7947
14.08560,7773
14.09250,9327
14.09940,8145
14.10630,8095
14.11318,7834
14.12008,7794
14.12698,8774
14.13387,8578
14.14077,7712
14.14767,8305
14.15457,7993
14.16145,7653
14.16835,6936
14.17525,8395
14.18215,8099
14.18903,8227
14.19593,7437
14.20283,7780
14.20972,8258
14.21662,7475
14.22352,7871
14.23042,8545
14.23730,7543
14.24420,8089
14.25110,8081
14.25800,9024
14.26488,7607
14.27178,7343
14.27868,8054
14.28557,7855
14.29247,7893
14.29937,8281
14.30627,8250
14.31315,8113
14.32005,7338
14.32695,7771
14.33383,7690
14.34073,8420
14.34763,7540
14.35453,7077
14.36142,8358
14.36832,7601
14.37522,8393
14.38212,7030
14.38900,8658
14.39590,7832
14.40280,9257
14.40968,8734
14.41658,9142
14.42348,8382
14.43038,7790
14.43727,7764
14.44417,7722
14.45107,8477
14.45797,7328
14.46485,7430
14.47175,7923
14.47865,8393
14.48553,7898
14.49243,7216
14.49933,7390
14.50623,7310
14.51312,7354
14.52002,7031
14.52692,8101
14.53380,7077
14.54070,8402
14.54760,10701
14.55450,13393
14.56138,14162
14.56828,17524
14.57518,17752
14.58208,16658
14.58897,16116
14.59587,11736
14.60277,12681
14.60965,9155
14.61655,8031
14.62345,7962
14.63035,7719
14.63723,9903
14.64413,7639
14.65103,7727
14.65792,6846
14.66482,7053
14.67172,7399
14.67862,7851
14.68550,7445
14.69240,7388
14.69930,7321
14.70620,7914
14.71308,7680
14.71998,7939
14.72688,7538
14.73377,6652
14.74067,8125
14.74757,7547
14.75447,7725
14.76135,8185
14.76825,6421
14.77515,7904
14.78205,7920
14.78893,7525
14.79583,8651
14.80273,9930
14.80962,10897
14.81652,11553
14.82342,12277
14.83032,11453
14.83720,10717
14.84410,9212
14.85100,10132
14.85788,8087
14.86478,9000
14.87168,8864
14.87858,9504
14.88547,8907
14.89237,8244
14.89927,7742
14.90617,6950
14.91305,8231
14.91995,7715
14.92685,7659
14.93373,7844
14.94063,8223
14.94753,6987
14.95443,7112
14.96132,5991
14.96822,7270
14.97512,7509
14.98202,8436
14.98890,8157
14.99580,8013
15.00270,8209
15.00958,8229
15.01648,9219
15.02338,6775
15.03028,8892
15.03717,10935
15.04407,11352
15.05097,12199
15.05785,13155
15.06475,13714
15.07165,13013
15.07855,13786
15.08543,12869
15.09233,11557
15.09923,10310
15.10613,9815
15.11302,9748
15.11992,8679
15.12682,8606
15.13370,8198
15.14060,7685
15.14750,7471
15.15440,7227
15.16128,8493
15.16818,7267
15.17508,8802
15.18198,6842
15.18887,6882
15.19577,7267
15.20267,7907
15.20955,7733
15.21645,7664
15.22335,7611
15.23025,7997
15.23713,7564
15.24403,7234
15.25093,7919
15.25782,7785
15.26472,6860
15.27162,6313
15.27852,7669
15.28540,7706
15.29230,8792
15.29920,7298
15.30610,7821
15.31298,6785
15.31988,7632
15.32678,7408
15.33367,8084
15.34057,7829
15.34747,7163
15.35437,7263
15.36125,6695
15.36815,7419
15.37505,7539
15.38193,7551
15.38883,6902
15.39573,6813
15.40263,6869
15.40952,6480
15.41642,7424
15.42332,7191
15.43022,7390
15.43710,7526
15.44400,7270
15.45090,7274
15.45778,6870
15.46468,8223
15.47158,7557
15.47848,6153
15.48537,7351
15.49227,7676
15.49917,7392
15.50607,7035
15.51295,6667
15.51985,7379
15.52675,7407
15.53363,7498
15.54053,7004
15.54743,7513
15.55433,8146
15.56122,7432
15.56812,6861
15.57502,7557
15.58190,8404
15.58880,6891
15.59570,8440
15.60260,6733
15.60948,6318
15.61638,6900
15.62328,6677
15.63018,7253
15.63707,7522
15.64397,7237
15.65087,6735
15.65775,7286
15.66465,8072
15.67155,7857
15.67845,7043
15.68533,6900
15.69223,6016
15.69913,6842
15.70603,7399
15.71292,7073
15.71982,7097
15.72672,8008
15.73360,7397
15.74050,7628
15.74740,7471
15.75430,8217
15.76118,6869
15.76808,7554
15.77498,8190
15.78187,7147
15.78877,8268
15.79567,7226
15.80257,8706
15.80945,7765
15.81635,6913
15.82325,8839
15.83015,7684
15.83703,7470
15.84393,8638
15.85083,7670
15.85772,8058
15.86462,8900
15.87152,6953
15.87842,8629
15.88530,7883
15.89220,7711
15.89910,8611
15.90600,9040
15.91288,8231
15.91978,8569
15.92668,8718
15.93357,7285
15.94047,9387
15.94737,8023
15.95427,7931
15.96115,8945
15.96805,8964
15.97495,7798
15.98183,8708
15.98873,9004
15.99563,10220
16.00253,10085
16.00942,9302
16.01632,10694
16.02322,9376
16.03012,8933
16.03700,8886
16.04390,9016
16.05080,8787
16.05768,8965
16.06458,8838
16.07148,9335
16.07838,10010
16.08527,9044
16.09217,8591
16.09907,8485
16.10597,8003
16.11285,8615
16.11975,7463
16.12665,8057
16.13353,7771
16.14043,8484
16.14733,8097
16.15423,7230
16.16112,8113
16.16802,8118
16.17492,7035
16.18180,7114
16.18870,9127
16.19560,7932
16.20250,6923
16.20938,8122
16.21628,7725
16.22318,8350
16.23008,7426
16.23697,7687
16.24387,7321
16.25077,6948
16.25765,7393
16.26455,7693
16.27145,7392
16.27835,7358
16.28523,7517
16.29213,6574
16.29903,6478
16.30593,6796
16.31282,6589
16.31972,6963
16.32662,6943
16.33350,8151
16.34040,6882
16.34730,7512
16.35420,7559
16.36108,8127
16.36798,8120
16.37488,8264
16.38177,8385
16.38867,7013
16.39557,7738
16.40247,7249
16.40935,8301
16.41625,7104
16.42315,6884
16.43005,6922
16.43693,7743
16.44383,7504
16.45073,6963
16.45762,7044
16.46452,7692
16.47142,8446
16.47832,7668
16.48520,7152
16.49210,7567
16.49900,6810
16.50590,7894
16.51278,8095
16.51968,8607
16.52658,7944
16.53347,9047
16.54037,8617
16.54727,8186
16.55417,8576
16.56105,8272
16.56795,10408
16.57485,8417
16.58173,9114
16.58863,10171
16.59553,8932
16.60243,7999
16.60932,7791
16.61622,7506
16.62312,7411
16.63002,7240
16.63690,6898
16.64380,8244
16.65070,7737
16.65758,7321
16.66448,7807
16.67138,8748
16.67828,8374
16.68517,8222
16.69207,8948
16.69897,8962
16.70585,7896
16.71275,8933
16.71965,9077
16.72655,7959
16.73343,7900
16.74033,8879
16.74723,8392
16.75413,8655
16.76102,8679
16.76792,8289
16.77482,8073
16.78170,7631
16.78860,7448
16.79550,8106
16.80240,9450
16.80928,9944
16.81618,8478
16.82308,7779
16.82998,7310
16.83687,7871
16.84377,7781
16.85067,8222
16.85755,9233
16.86445,10223
16.87135,10971
16.87825,11816
16.88513,12129
16.89203,10455
16.89893,9338
16.90582,8683
16.91272,9290
16.91962,8425
16.92652,8103
16.93340,8389
16.94030,10607
16.94720,11546
16.95410,16904
16.96098,25780
16.96788,31899
16.97478,39197
16.98167,41334
16.98857,41905
16.99547,34460
17.00237,27447
17.00925,19972
17.01615,13035
17.02305,11274
17.02995,8855
17.03683,9318
17.04373,8141
17.05063,8054
17.05752,8740
17.06442,8277
17.07132,8444
17.07822,8232
17.08510,10480
17.09200,10878
17.09890,11085
17.10578,15177
17.11268,17287
17.11958,17439
17.12648,17338
17.13337,15210
17.14027,12312
17.14717,11209
17.15407,9599
17.16095,8768
17.16785,8425
17.17475,8625
17.18163,8029
17.18853,7974
17.19543,9064
17.20233,8499
17.20922,8078
17.21612,9352
17.22302,8859
17.22992,8343
17.23680,8576
17.24370,8467
17.25060,9328
17.25748,8312
17.26438,9310
17.27128,8812
17.27818,7647
17.28507,8246
17.29197,8529
17.29887,8724
17.30575,8121
17.31265,7396
17.31955,7431
17.32645,7766
17.33333,8706
17.34023,10404
17.34713,10358
17.35403,12287
17.36092,16693
17.36782,18099
17.37472,20065
17.38160,18897
17.38850,16970
17.39540,14946
17.40230,11354
17.40918,10421
17.41608,9523
17.42298,8713
17.42987,7721
17.43677,8112
17.44367,8269
17.45057,8105
17.45745,8070
17.46435,8472
17.47125,7810
17.47815,7712
17.48503,8181
17.49193,6724
17.49883,6855
17.50572,8279
17.51262,7391
17.51952,7825
17.52642,7598
17.53330,7371
17.54020,7659
17.54710,7573
17.55400,7234
17.56088,8283
17.56778,8400
17.57468,7762
17.58157,6850
17.58847,7440
17.59537,7772
17.60227,7609
17.60915,7368
17.61605,7376
17.62295,7012
17.62983,9126
17.63673,7476
17.64363,7505
17.65053,7346
17.65742,7465
17.66432,7955
17.67122,7343
17.67812,8871
17.68500,7920
17.69190,7502
17.69880,7167
17.70568,8221
17.71258,7514
17.71948,7020
17.72638,7791
17.73327,7930
17.74017,7894
17.74707,6548
17.75397,7556
17.76085,6681
17.76775,8412
17.77465,6622
17.78153,8453
17.78843,7949
17.79533,8172
17.80223,8541
17.80912,9515
17.81602,7314
17.82292,7012
17.82980,7798
17.83670,7343
17.84360,7015
17.85050,8281
17.85738,7331
17.86428,7877
17.87118,7418
17.87808,7557
17.88497,8362
17.89187,7850
17.89877,8057
17.90565,8382
17.91255,8404
17.91945,9195
17.92635,9099
17.93323,9695
17.94013,8115
17.94703,8961
17.95393,9373
17.96082,8604
17.96772,8246
17.97462,7002
17.98150,6539
17.98840,7046
17.99530,6886
18.00220,6953
18.00908,7010
18.01598,7169
18.02288,7207
18.02977,7073
18.03667,7806
18.04357,7419
18.05047,6475
18.05735,7718
18.06425,7206
18.07115,7474
18.07805,6844
18.08493,7258
18.09183,6855
18.09873,6925
18.10562,6728
18.11252,7777
18.11942,7144
18.12632,6673
18.13320,6736
18.14010,7621
18.14700,7347
18.15388,7362
18.16078,8445
18.16768,6832
18.17458,7788
18.18147,8959
18.18837,6692
18.19527,7433
18.20217,7434
18.20905,7200
18.21595,6630
18.22285,7566
18.22973,7299
18.23663,6981
18.24353,6997
18.25043,6904
18.25732,6810
18.26422,7183
18.27112,7453
18.27802,8305
18.28490,6900
18.29180,7244
18.29870,7361
18.30558,6695
18.31248,7680
18.31938,6794
18.32628,7283
18.33317,6321
18.34007,7021
18.34697,7021
18.35385,6689
18.36075,6687
18.36765,7101
18.37455,6470
18.38143,7618
18.38833,6708
18.39523,7248
18.40213,7256
18.40902,7543
18.41592,6687
18.42282,7556
18.42970,8116
18.43660,8672
18.44350,7102
18.45040,7085
18.45728,8241
18.46418,6605
18.47108,7094
18.47798,7354
18.48487,8114
18.49177,7364
18.49867,7618
18.50555,7922
18.51245,7274
18.51935,7755
18.52625,8356
18.53313,8852
18.54003,9791
18.54693,10857
18.55382,11868
18.56072,11752
18.56762,11347
18.57452,10240
18.58140,11027
18.58830,9670
18.59520,9796
18.60210,10331
18.60898,10626
18.61588,8696
18.62278,8230
18.62967,8463
18.63657,8454
18.64347,9244
18.65037,8365
18.65725,7713
18.66415,8105
18.67105,7171
18.67795,8582
18.68483,7365
18.69173,9548
18.69863,8003
18.70552,6943
18.71242,7140
18.71932,6710
18.72622,7781
18.73310,6522
18.74000,7233
18.74690,6849
18.75378,7731
18.76068,8112
18.76758,7417
18.77448,6804
18.78137,9545
18.78827,8329
18.79517,8098
18.80207,7595
18.80895,8035
18.81585,6811
18.82275,8448
18.82963,8236
18.83653,8405
18.84343,7687
18.85033,7669
18.85722,7338
18.86412,7143
18.87102,7434
18.87792,7489
18.88480,7708
18.89170,7560
18.89860,7357
18.90548,7363
18.91238,8122
18.91928,6210
18.92618,8171
18.93307,7325
18.93997,7851
18.94687,7567
18.95375,7602
18.96065,6863
18.96755,7247
18.97445,7242
18.98133,6966
18.98823,8168
18.99513,7608
19.00203,7442
19.00892,6587
19.01582,7653
19.02272,8101
19.02960,7546
19.03650,6886
19.04340,6783
19.05030,7671
19.05718,7962
19.06408,7397
19.07098,6471
19.07788,7152
19.08477,7217
19.09167,7470
19.09857,7377
19.10545,7882
19.11235,7309
19.11925,6801
19.12615,7849
19.13303,7446
19.13993,7451
19.14683,7308
19.15372,7046
19.16062,7728
19.16752,7507
19.17442,7153
19.18130,7952
19.18820,7083
19.19510,7083
19.20200,7160
19.20888,7587
19.21578,7334
19.22268,8160
19.22957,7937
19.23647,8375
19.24337,9869
19.25027,10068
19.25715,11607
19.26405,17459
19.27095,21112
19.27785,22454
19.28473,22940
19.29163,21100
19.29853,18310
19.30542,13957
19.31232,12226
19.31922,9294
19.32612,8724
19.33300,7563
19.33990,7479
19.34680,8692
19.35368,7811
19.36058,7845
19.36748,8622
19.37438,6144
19.38127,7527
19.38817,7796
19.39507,8456
19.40197,7964
19.40885,8120
19.41575,7541
19.42265,7717
19.42953,7315
19.43643,8497
19.44333,7984
19.45023,7524
19.45712,7468
19.46402,7531
19.47092,6940
19.47780,7389
19.48470,7831
19.49160,7276
19.49850,7778
19.50538,8392
19.51228,7242
19.51918,7393
19.52608,7346
19.53297,7700
19.53987,6921
19.54677,8069
19.55365,8055
19.56055,9673
19.56745,11700
19.57435,13907
19.58123,14132
19.58813,13797
19.59503,13374
19.60193,12049
19.60882,11974
19.61572,9281
19.62262,9689
19.62950,8274
19.63640,7747
19.64330,8201
19.65020,7331
19.65708,7442
19.66398,8051
19.67088,7924
19.67777,6253
19.68467,6810
19.69157,7315
19.69847,6362
19.70535,8718
19.71225,7254
19.71915,7489
19.72605,7120
19.73293,7269
19.73983,7089
19.74673,7819
19.75362,7589
19.76052,7438
19.76742,7345
19.77432,7465
19.78120,8379
19.78810,7252
19.79500,6619
19.80190,6453
19.80878,7149
19.81568,7189
19.82258,6497
19.82947,7012
19.83637,7107
19.84327,8505
19.85017,6948
19.85705,7287
19.86395,6390
19.87085,6818
19.87773,6598
19.88463,6722
19.89153,7593
19.89843,6724
19.90532,7328
19.91222,7053
19.91912,7269
19.92602,6574
19.93290,7121
19.93980,7636
19.94670,7112
19.95358,6934
19.96048,7137
19.96738,7714
19.97428,7974
19.98117,7122
19.98807,7043
19.99497,6870
20.00187,7194
20.00875,7017
20.01565,7116
20.02255,6790
20.02943,7715
20.03633,9594
20.04323,6903
20.05013,7863
20.05702,6475
20.06392,8233
20.07082,7662
20.07770,7151
20.08460,6662
20.09150,6139
20.09840,7343
20.10528,7566
20.11218,7075
20.11908,6787
20.12598,6005
20.13287,6720
20.13977,7151
20.14667,7034
20.15355,7783
20.16045,7306
20.16735,6617
20.17425,6809
20.18113,7283
20.18803,8031
20.19493,6951
20.20182,6172
20.20872,6454
20.21562,6930
20.22252,7675
20.22940,7118
20.23630,6634
20.24320,6512
20.25010,6757
20.25698,7551
20.26388,6514
20.27078,7015
20.27767,6483
20.28457,7316
20.29147,7290
20.29837,7006
20.30525,7275
20.31215,6788
20.31905,6563
20.32595,8181
20.33283,7455
20.33973,6790
20.34663,7716
20.35352,7296
20.36042,7182
20.36732,7582
20.37422,7310
20.38110,7728
20.38800,7583
20.39490,8671
20.40178,8243
20.40868,7187
20.41558,8240
20.42248,6352
20.42937,7767
20.43627,7387
20.44317,6666
20.45007,7967
20.45695,7008
20.46385,7646
20.47075,7037
20.47763,6184
20.48453,7617
20.49143,6871
20.49833,6729
20.50522,7440
20.51212,6742
20.51902,7543
20.52592,7001
20.53280,7283
20.53970,6189
20.54660,7218
20.55348,7416
20.56038,6260
20.56728,7434
20.57418,7680
20.58107,6379
20.58797,6762
20.59487,7237
20.60175,6305
20.60865,6926
20.61555,6482
20.62245,6837
20.62933,6896
20.63623,7544
20.64313,7110
20.65003,7127
20.65692,7342
20.66382,7952
20.67072,7901
20.67760,7946
20.68450,7556
20.69140,6918
20.69830,7048
20.70518,7520
20.71208,7893
20.71898,7494
20.72588,7008
20.73277,7203
20.73967,7623
20.74657,8003
20.75345,6810
20.76035,7180
20.76725,6760
20.77415,7972
20.78103,8559
20.78793,10907
20.79483,13281
20.80172,16512
20.80862,20154
20.81552,24888
20.82242,25151
20.82930,23455
20.83620,20155
20.84310,17082
20.85000,15596
20.85688,10803
20.86378,9228
20.87068,8513
20.87757,7421
20.88447,8757
20.89137,8311
20.89827,9061
20.90515,11932
20.91205,14491
20.91895,17262
20.92583,22895
20.93273,26148
20.93963,28078
20.94653,33074
20.95342,37633
20.96032,41448
20.96722,44452
20.97412,46810
20.98100,42942
20.98790,34413
20.99480,29519
21.00168,21891
21.00858,16848
21.01548,14012
21.02238,12243
21.02927,10687
21.03617,9739
21.04307,10411
21.04997,8921
21.05685,9221
21.06375,8903
21.07065,7730
21.07753,8129
21.08443,8100
21.09133,8782
21.09823,8294
21.10512,7931
21.11202,8736
21.11892,9956
21.12580,7288
21.13270,8120
21.13960,7054
21.14650,7665
21.15338,7555
21.16028,7561
21.16718,7352
21.17408,7754
21.18097,9835
21.18787,8002
21.19477,8739
21.20165,8541
21.20855,7875
21.21545,8210
21.22235,7957
21.22923,7295
21.23613,7528
21.24303,7710
21.24993,7146
21.25682,9296
21.26372,7975
21.27062,8273
21.27750,7196
21.28440,7007
21.29130,7540
21.29820,7265
21.30508,8730
21.31198,9818
21.31888,9548
21.32577,9468
21.33267,8594
21.33957,7974
21.34647,8099
21.35335,7754
21.36025,7504
21.36715,7230
21.37405,7567
21.38093,7989
21.38783,8617
21.39473,9137
21.40162,7721
21.40852,8273
21.41542,7148
21.42232,9268
21.42920,10952
21.43610,15205
21.44300,24944
21.44990,36687
21.45678,55090
21.46368,75568
21.47058,90806
21.47747,95845
21.48437,85977
21.49127,65408
21.49817,48569
21.50505,29749
21.51195,19162
21.51885,13858
21.52573,10868
21.53263,9886
21.53953,8884
21.54643,8437
21.55332,8416
21.56022,8699
21.56712,10072
21.57402,8959
21.58090,8261
21.58780,8960
21.59470,9236
21.60158,8874
21.60848,9228
21.61538,9427
21.62228,8470
21.62917,7445
21.63607,8130
21.64297,8594
21.64987,8343
21.65675,8847
21.66365,10056
21.67055,8319
21.67743,9442
21.68433,9140
21.69123,11140
21.69813,10592
21.70502,9233
21.71192,8754
21.71882,7602
21.72570,6784
21.73260,8109
21.73950,7677
21.74640,8642
21.75328,7235
21.76018,8971
21.76708,9496
21.77398,11881
21.78087,13803
21.78777,17280
21.79467,18249
21.80155,18509
21.80845,16840
21.81535,16092
21.82225,13159
21.82913,11204
21.83603,9613
21.84293,9531
21.84983,7535
21.85672,9501
21.86362,7699
21.87052,7694
21.87740,8711
21.88430,9082
21.89120,7843
21.89810,8063
21.90498,7481
21.91188,8104
21.91878,7108
21.92567,8174
21.93257,8108
21.93947,7497
21.94637,7543
21.95325,8412
21.96015,13333
21.96705,15290
21.97395,22167
21.98083,30462
21.98773,38282
21.99463,40149
22.00152,40965
22.00842,37656
22.01532,33062
22.02222,27698
22.02910,21383
22.03600,17658
22.04290,16656
22.04980,13181
22.05668,12142
22.06358,11997
22.07048,11566
22.07737,11492
22.08427,10718
22.09117,11070
22.09807,11146
22.10495,10289
22.11185,10191
22.11875,9312
22.12563,10295
22.13253,10460
22.13943,8961
22.14633,8898
22.15322,8870
22.16012,8062
22.16702,9285
22.17392,8901
22.18080,9005
22.18770,8783
22.19460,7936
22.20148,7952
22.20838,8819
22.21528,8878
22.22218,9446
22.22907,9336
22.23597,8791
22.24287,8775
22.24975,9267
22.25665,7799
22.26355,8212
22.27045,8000
22.27733,7831
22.28423,8078
22.29113,7508
22.29803,7878
22.30492,8336
22.31182,8451
22.31872,8590
22.32560,7688
22.33250,8444
22.33940,6889
22.34630,7504
22.35318,7585
22.36008,7591
22.36698,6414
22.37388,7812
22.38077,7662
22.38767,7518
22.39457,8248
22.40145,8034
22.40835,8899
22.41525,9108
22.42215,8955
22.42903,8663
22.43593,8349
22.44283,8920
22.44972,8789
22.45662,7488
22.46352,8543
22.47042,8442
22.47730,8190
22.48420,9078
22.49110,8821
22.49800,9720
22.50488,9693
22.51178,9510
22.51868,9323
22.52557,8644
22.53247,7285
22.53937,7464
22.54627,7012
22.55315,7585
22.56005,8292
22.56695,7925
22.57385,8973
22.58073,7997
22.58763,9040
22.59453,9044
22.60142,8674
22.60832,8638
22.61522,8132
22.62212,8198
22.62900,7278
22.63590,7831
22.64280,7497
22.64968,7561
22.65658,7281
22.66348,8146
22.67038,8514
22.67727,7854
22.68417,6880
22.69107,8415
22.69797,8542
22.70485,7857
22.71175,7765
22.71865,7956
22.72553,7177
22.73243,7464
22.73933,7163
22.74623,7818
22.75312,7050
22.76002,7436
22.76692,6882
22.77382,7059
22.78070,7858
22.78760,7467
22.79450,7656
22.80138,7669
22.80828,8694
22.81518,7035
22.82208,8702
22.82897,7767
22.83587,9334
22.84277,10558
22.84965,11237
22.85655,9808
22.86345,10733
22.87035,8563
22.87723,9781
22.88413,8561
22.89103,9082
22.89793,8784
22.90482,8394
22.91172,8455
22.91862,8402
22.92550,7131
22.93240,7678
22.93930,7991
22.94620,7860
22.95308,6975
22.95998,7349
22.96688,8546
22.97377,8528
22.98067,8691
22.98757,7775
22.99447,7755
23.00135,8169
23.00825,7926
23.01515,7151
23.02205,7973
23.02893,7349
23.03583,7333
23.04273,8296
23.04962,8036
23.05652,7985
23.06342,7942
23.07032,8087
23.07720,8456
23.08410,7180
23.09100,9240
23.09790,7825
23.10478,9225
23.11168,7384
23.11858,7847
23.12547,7840
23.13237,8541
23.13927,8352
23.14617,8393
23.15305,8613
23.15995,8551
23.16685,8568
23.17373,8459
23.18063,7829
23.18753,7558
23.19443,7456
23.20132,8484
23.20822,7481
23.21512,7432
23.22202,7639
23.22890,8572
23.23580,6974
23.24270,7187
23.24958,7323
23.25648,6645
23.26338,7700
23.27028,7008
23.27717,8232
23.28407,8384
23.29097,6663
23.29787,6827
23.30475,6960
23.31165,7170
23.31855,8218
23.32543,7402
23.33233,7730
23.33923,7359
23.34613,7242
23.35302,7877
23.35992,7478
23.36682,7235
23.37370,7219
23.38060,7738
23.38750,7429
23.39440,7357
23.40128,7674
23.40818,9457
23.41508,8637
23.42198,7771
23.42887,8643
23.43577,10798
23.44267,8378
23.44955,7693
23.45645,7198
23.46335,7724
23.47025,7929
23.47713,7058
23.48403,7786
23.49093,7642
23.49783,9750
23.50472,12560
23.51162,23214
23.51852,54886
23.52540,129909
23.53230,295639
23.53920,597224
23.54610,1078297
23.55298,1587119
23.55988,2066387
23.56678,2237208
23.57367,2077759
23.58057,1616005
23.58747,1096447
23.59437,657420
23.60125,355939
23.60815,178554
23.61505,95470
23.62195,54899
23.62883,36861
23.63573,28041
23.64263,21242
23.64952,19094
23.65642,16703
23.66332,17786
23.67022,15633
23.67710,14568
23.68400,13593
23.69090,11863
23.69778,13892
23.70468,13433
23.71158,11320
23.71848,10906
23.72537,10837
23.73227,11656
23.73917,10863
23.74607,10987
23.75295,11150
23.75985,10665
23.76675,10421
23.77363,9465
23.78053,10371
23.78743,10066
23.79433,9620
23.80122,9258
23.80812,9600
23.81502,9322
23.82192,9501
23.82880,9974
23.83570,9124
23.84260,9029
23.84948,10006
23.85638,8575
23.86328,9451
23.87018,10131
23.87707,11766
23.88397,15006
23.89087,19935
23.89775,23801
23.90465,24809
23.91155,25682
23.91845,25850
23.92533,22514
23.93223,20032
23.93913,17576
23.94603,13617
23.95292,13168
23.95982,11724
23.96672,10411
23.97360,10368
23.98050,11633
23.98740,10065
23.99430,8614
24.00118,9871
24.00808,9320
24.01498,8314
24.02188,9973
24.02877,8389
24.03567,9276
24.04257,9200
24.04945,8449
24.05635,8221
24.06325,7694
24.07015,8479
24.07703,7553
24.08393,7221
24.09083,8925
24.09772,8804
24.10462,8219
24.11152,9032
24.11842,8789
24.12530,9402
24.13220,8241
24.13910,8433
24.14600,8536
24.15288,8332
24.15978,8221
24.16668,7797
24.17357,8841
24.18047,8488
24.18737,8186
24.19427,8603
24.20115,10385
24.20805,7248
24.21495,8861
24.22185,8004
24.22873,7866
24.23563,9577
24.24253,7852
24.24942,7562
24.25632,9058
24.26322,9448
24.27012,8979
24.27700,10799
24.28390,12659
24.29080,12900
24.29768,13639
24.30458,13124
24.31148,10993
24.31838,10875
24.32527,10246
24.33217,9080
24.33907,10725
24.34597,10636
24.35285,11622
24.35975,12203
24.36665,11083
24.37353,10559
24.38043,9857
24.38733,9559
24.39423,8118
24.40112,8279
24.40802,8037
24.41492,8553
24.42182,7703
24.42870,8186
24.43560,8660
24.44250,8814
24.44938,8475
24.45628,8178
24.46318,8425
24.47008,7427
24.47697,8542
24.48387,8872
24.49077,8165
24.49765,9534
24.50455,9127
24.51145,9234
24.51835,8226
24.52523,8544
24.53213,7675
24.53903,8362
24.54593,7346
24.55282,7837
24.55972,8324
24.56662,7600
24.57350,8657
24.58040,7718
24.58730,8762
24.59420,6798
24.60108,8165
24.60798,7734
24.61488,7416
24.62178,7250
24.62867,7777
24.63557,6338
24.64247,7865
24.64935,9360
24.65625,7408
24.66315,7317
24.67005,8079
24.67693,8664
24.68383,7187
24.69073,7738
24.69762,7316
24.70452,7648
24.71142,7749
24.71832,8112
24.72520,8021
24.73210,7849
24.73900,7643
24.74590,9043
24.75278,8161
24.75968,8259
24.76658,8466
24.77347,7577
24.78037,6635
24.78727,6967
24.79417,8010
24.80105,7472
24.80795,8924
24.81485,7396
24.82175,8585
24.82863,8611
24.83553,9121
24.84243,8802
24.84932,8432
24.85622,8319
24.86312,8801
24.87002,9387
24.87690,9256
24.88380,9569
24.89070,9923
24.89758,11035
24.90448,12273
24.91138,12544
24.91828,12172
24.92517,11068
24.93207,10018
24.93897,9143
24.94587,8124
24.95275,8016
24.95965,7652
24.96655,8924
24.97343,7841
24.98033,8242
24.98723,9590
24.99413,13063
25.00102,17958
25.00792,29871
25.01482,43898
25.02170,67843
25.02860,89567
25.03550,119523
25.04240,125382
25.04928,119865
25.05618,97935
25.06308,72294
25.06998,47211
25.07687,31948
25.08377,21544
25.09067,17904
25.09755,15328
25.10445,13910
25.11135,12169
25.11825,13988
25.12513,13431
25.13203,12573
25.13893,10771
25.14583,11030
25.15272,11615
25.15962,10522
25.16652,10192
25.17340,10704
25.18030,11477
25.18720,11942
25.19410,11675
25.20098,11749
25.20788,11628
25.21478,10970
25.22167,9968
25.22857,10048
25.23547,9405
25.24237,8594
25.24925,8562
25.25615,8811
25.26305,8645
25.26995,7975
25.27683,8168
25.28373,9081
25.29063,9361
25.29752,8525
25.30442,8782
25.31132,8380
25.31822,7959
25.32510,8283
25.33200,7563
25.33890,8478
25.34580,9827
25.35268,8259
25.35958,8091
25.36648,7170
25.37337,8020
25.38027,8198
25.38717,7078
25.39407,9763
25.40095,8702
25.40785,9100
25.41475,8957
25.42163,9036
25.42853,9849
25.43543,9716
25.44233,8622
25.44922,9693
25.45612,8771
25.46302,9375
25.46992,8784
25.47680,7948
25.48370,9177
25.49060,8847
25.49748,10899
25.50438,15293
25.51128,30224
25.51818,62180
25.52507,132220
25.53197,254369
25.53887,422065
25.54577,605251
25.55265,741710
25.55955,790405
25.56645,728068
25.57333,574373
25.58023,398363
25.58713,241531
25.59403,152639
25.60092,102103
25.60782,83733
25.61472,76384
25.62160,68723
25.62850,59701
25.63540,49332
25.64230,38535
25.64918,28102
25.65608,23996
25.66298,20369
25.66988,17035
25.67677,16196
25.68367,15129
25.69057,13760
25.69745,13897
25.70435,13185
25.71125,12650
25.71815,12856
25.72503,12149
25.73193,11385
25.73883,11597
25.74572,11779
25.75262,11943
25.75952,10415
25.76642,10284
25.77330,8865
25.78020,10294
25.78710,9983
25.79400,9488
25.80088,8629
25.80778,10678
25.81468,8565
25.82157,9109
25.82847,11467
25.83537,10534
25.84227,11296
25.84915,11049
25.85605,11049
25.86295,12103
25.86985,10374
25.87673,11376
25.88363,11224
25.89053,10085
25.89742,9541
25.90432,11136
25.91122,11375
25.91812,11463
25.92500,14580
25.93190,16895
25.93880,17359
25.94568,17116
25.95258,17245
25.95948,17548
25.96638,16731
25.97327,15536
25.98017,13509
25.98707,12191
25.99397,12272
26.00085,12124
26.00775,12187
26.01465,10311
26.02153,10632
26.02843,11045
26.03533,9849
26.04223,9738
26.04912,10099
26.05602,8051
26.06292,9506
26.06982,9049
26.07670,8628
26.08360,8132
26.09050,8376
26.09738,8600
26.10428,9394
26.11118,8674
26.11808,8558
26.12497,7948
26.13187,8873
26.13877,8624
26.14565,8610
26.15255,7820
26.15945,7879
26.16635,9370
26.17323,8433
26.18013,8359
26.18703,8000
26.19393,9280
26.20082,8397
26.20772,8651
26.21462,8934
26.22150,9685
26.22840,8467
26.23530,9288
26.24220,8429
26.24908,7565
26.25598,8937
26.26288,8386
26.26978,7658
26.27667,8363
26.28357,7585
26.29047,7918
26.29735,8375
26.30425,7400
26.31115,7926
26.31805,7961
26.32493,8923
26.33183,8152
26.33873,7581
26.34562,8131
26.35252,8923
26.35942,9412
26.36632,9054
26.37320,9775
26.38010,9085
26.38700,8692
26.39390,11273
26.40078,10864
26.40768,9632
26.41458,8936
26.42147,8900
26.42837,8653
26.43527,9548
26.44217,9013
26.44905,8462
26.45595,8404
26.46285,8298
26.46973,9261
26.47663,9153
26.48353,7703
26.49043,8967
26.49732,8763
26.50422,9129
26.51112,8292
26.51802,8650
26.52490,8051
26.53180,9252
26.53870,7595
26.54558,8355
26.55248,8505
26.55938,8210
26.56628,8117
26.57317,8925
26.58007,8720
26.58697,8335
26.59387,9660
26.60075,8306
26.60765,8881
26.61455,8786
26.62143,7138
26.62833,7446
26.63523,6892
26.64213,8222
26.64902,7864
26.65592,7665
26.66282,8045
26.66970,8899
26.67660,7188
26.68350,8586
26.69040,8070
26.69728,8423
26.70418,8255
26.71108,7801
26.71798,8215
26.72487,7940
26.73177,8318
26.73867,8323
26.74555,11143
26.75245,13759
26.75935,20284
26.76625,30461
26.77313,44122
26.78003,54063
26.78693,70485
26.79383,81287
26.80072,88242
26.80762,80439
26.81452,68924
26.82140,46574
26.82830,32144
26.83520,24108
26.84210,17698
26.84898,15772
26.85588,16033
26.86278,13470
26.86967,13843
26.87657,12820
26.88347,12539
26.89037,11556
26.89725,12347
26.90415,12299
26.91105,11457
26.91795,13343
26.92483,11762
26.93173,11211
26.93863,13315
26.94552,12412
26.95242,12058
26.95932,11643
26.96622,11398
26.97310,12699
26.98000,10194
26.98690,10561
26.99380,10747
27.00068,10614
27.00758,10265
27.01448,10803
27.02137,12011
27.02827,10425
27.03517,11129
27.04207,10625
27.04895,10184
27.05585,10752
27.06275,10681
27.06963,10473
27.07653,10132
27.08343,11100
27.09033,10306
27.09722,10564
27.10412,10135
27.11102,10479
27.11792,9817
27.12480,11438
27.13170,10156
27.13860,12130
27.14548,10216
27.15238,9623
27.15928,10106
27.16618,10050
27.17307,9968
27.17997,9998
27.18687,9151
27.19377,10345
27.20065,11092
27.20755,9347
27.21445,8402
27.22133,9302
27.22823,8421
27.23513,9140
27.24203,8742
27.24892,8956
27.25582,11163
27.26272,10341
27.26960,11116
27.27650,11919
27.28340,11983
27.29030,11766
27.29718,12226
27.30408,11864
27.31098,11213
27.31788,10968
27.32477,12445
27.33167,11238
27.33857,10267
27.34545,11549
27.35235,9488
27.35925,10202
27.36615,11165
27.37303,8766
27.37993,10769
27.38683,10206
27.39373,9549
27.40062,11135
27.40752,9538
27.41442,11697
27.42130,13656
27.42820,18130
27.43510,24625
27.44200,33666
27.44888,45548
27.45578,52501
27.46268,55772
27.46957,51558
27.47647,42992
27.48337,33223
27.49027,25600
27.49715,17840
27.50405,14961
27.51095,12760
27.51785,10693
27.52473,10915
27.53163,10680
27.53853,9581
27.54542,9613
27.55232,10991
27.55922,11083
27.56612,10504
27.57300,9575
27.57990,10602
27.58680,9322
27.59370,9860
27.60058,9909
27.60748,9150
27.61438,9756
27.62127,8633
27.62817,8975
27.63507,9119
27.64197,9819
27.64885,8848
27.65575,10267
27.66265,9290
27.66953,8448
27.67643,8966
27.68333,8842
27.69023,9376
27.69712,9014
27.70402,8689
27.71092,8901
27.71782,8745
27.72470,9216
27.73160,8795
27.73850,9029
27.74538,8349
27.75228,9331
27.75918,8285
27.76608,9772
27.77297,10270
27.77987,9431
27.78677,10375
27.79365,9868
27.80055,8523
27.80745,9975
27.81435,10924
27.82123,13997
27.82813,13798
27.83503,17269
27.84193,17663
27.84882,20007
27.85572,19491
27.86262,18868
27.86950,16956
27.87640,13562
27.88330,12113
27.89020,11443
27.89708,10142
27.90398,11536
27.91088,9593
27.91778,11383
27.92467,9232
27.93157,10368
27.93847,9292
27.94535,9378
27.95225,9681
27.95915,8229
27.96605,9336
27.97293,8679
27.97983,7978
27.98673,9090
27.99362,8833
28.00052,9299
28.00742,8828
28.01432,9876
28.02120,9199
28.02810,8708
28.03500,9255
28.04190,8884
28.04878,8902
28.05568,8004
28.06258,9051
28.06947,9214
28.07637,9041
28.08327,8385
28.09017,9110
28.09705,7601
28.10395,7878
28.11085,9391
28.11775,8907
28.12463,8936
28.13153,9549
28.13843,8997
28.14532,9151
28.15222,8843
28.15912,8632
28.16602,8750
28.17290,9506
28.17980,8416
28.18670,8235
28.19358,9397
28.20048,9002
28.20738,8561
28.21428,7962
28.22117,7913
28.22807,8231
28.23497,8452
28.24187,8353
28.24875,9339
28.25565,8599
28.26255,8338
28.26943,8540
28.27633,8969
28.28323,9396
28.29013,8434
28.29702,8886
28.30392,9557
28.31082,8468
28.31772,9456
28.32460,7996
28.33150,9489
28.33840,8475
28.34528,8406
28.35218,8351
28.35908,9248
28.36598,8118
28.37287,10911
28.37977,8804
28.38667,8411
28.39355,8193
28.40045,8559
28.40735,8499
28.41425,8697
28.42113,9035
28.42803,9283
28.43493,8946
28.44183,9352
28.44872,7694
28.45562,8141
28.46252,8497
28.46940,9379
28.47630,9290
28.48320,7463
28.49010,9310
28.49698,8830
28.50388,9032
28.51078,9626
28.51767,10687
28.52457,14255
28.53147,17231
28.53837,22123
28.54525,25000
28.55215,28049
28.55905,28538
28.56595,27228
28.57283,24707
28.57973,22113
28.58663,19962
28.59352,17542
28.60042,16539
28.60732,15151
28.61422,15021
28.62110,12641
28.62800,14242
28.63490,13250
28.64180,15421
28.64868,15721
28.65558,18200
28.66248,17821
28.66937,19833
28.67627,21976
28.68317,20641
28.69007,19128
28.69695,17373
28.70385,15886
28.71075,12816
28.71763,11267
28.72453,12256
28.73143,13396
28.73833,14373
28.74522,17699
28.75212,26517
28.75902,38698
28.76592,56692
28.77280,82956
28.77970,107088
28.78660,129795
28.79348,136167
28.80038,130823
28.80728,113152
28.81418,84824
28.82107,61442
28.82797,42568
28.83487,29405
28.84177,21331
28.84865,18624
28.85555,18475
28.86245,17335
28.86933,16096
28.87623,17860
28.88313,21332
28.89003,22311
28.89692,22987
28.90382,21696
28.91072,20566
28.91760,17079
28.92450,15380
28.93140,15321
28.93830,12512
28.94518,11689
28.95208,11776
28.95898,11670
28.96588,13557
28.97277,14697
28.97967,17714
28.98657,19050
28.99345,20124
29.00035,20107
29.00725,20567
29.01415,17616
29.02103,17850
29.02793,16515
29.03483,14393
29.04173,13545
29.04862,12291
29.05552,11046
29.06242,10909
29.06930,10937
29.07620,11076
29.08310,11196
29.09000,11305
29.09688,10140
29.10378,10286
29.11068,9602
29.11757,11200
29.12447,10076
29.13137,10625
29.13827,10011
29.14515,11207
29.15205,11150
29.15895,10601
29.16585,11986
29.17273,12462
29.17963,12726
29.18653,11299
29.19342,11804
29.20032,11581
29.20722,10733
29.21412,12987
29.22100,14713
29.22790,23035
29.23480,45712
29.24168,95703
29.24858,219353
29.25548,439399
29.26238,794233
29.26927,1192049
29.27617,1570107
29.28307,1764456
29.28997,1756868
29.29685,1488700
29.30375,1100368
29.31065,713692
29.31753,429927
29.32443,234039
29.33133,129880
29.33823,75514
29.34512,49028
29.35202,35083
29.35892,26453
29.36582,25937
29.37270,23720
29.37960,22401
29.38650,24663
29.39338,23028
29.40028,21254
29.40718,19133
29.41408,19323
29.42097,16410
29.42787,16317
29.43477,15491
29.44165,15283
29.44855,13845
29.45545,14146
29.46235,14447
29.46923,11990
29.47613,14020
29.48303,13129
29.48993,12760
29.49682,12750
29.50372,12940
29.51062,12061
29.51750,12984
29.52440,13423
29.53130,13821
29.53820,12773
29.54508,11880
29.55198,13007
29.55888,11397
29.56578,11439
29.57267,11046
29.57957,11649
29.58647,10358
29.59335,12782
29.60025,11761
29.60715,10873
29.61405,10530
29.62093,9948
29.62783,9979
29.63473,10517
29.64162,10718
29.64852,10806
29.65542,10572
29.66232,10709
29.66920,11762
29.67610,12149
29.68300,11332
29.68990,13386
29.69678,12344
29.70368,11747
29.71058,12237
29.71747,11128
29.72437,11991
29.73127,10730
29.73817,9619
29.74505,10947
29.75195,11173
29.75885,10654
29.76575,10413
29.77263,10507
29.77953,10087
29.78643,10034
29.79332,10796
29.80022,10636
29.80712,9329
29.81402,9734
29.82090,9735
29.82780,8847
29.83470,10246
29.84158,9734
29.84848,9617
29.85538,11019
29.86228,12861
29.86917,12316
29.87607,15132
29.88297,17089
29.88987,18426
29.89675,20092
29.90365,20302
29.91055,18241
29.91743,18047
29.92433,15756
29.93123,15842
29.93813,16004
29.94502,14296
29.95192,15431
29.95882,18104
29.96572,24524
29.97260,30896
29.97950,41483
29.98640,51757
29.99328,68439
30.00018,71595
30.00708,73381
30.01398,67689
30.02087,59522
30.02777,53628
30.03467,39778
30.04155,34030
30.04845,30307
30.05535,24510
30.06225,23351
30.06913,21723
30.07603,19948
30.08293,21010
30.08983,18825
30.09672,20044
30.10362,18493
30.11052,18869
30.11740,17268
30.12430,17877
30.13120,16230
30.13810,16271
30.14498,16687
30.15188,15212
30.15878,15306
30.16567,16527
30.17257,15406
30.17947,14708
30.18637,15143
30.19325,14714
30.20015,14608
30.20705,14493
30.21395,15709
30.22083,15664
30.22773,15003
30.23463,14610
30.24152,15842
30.24842,14041
30.25532,14627
30.26222,14212
30.26910,15223
30.27600,15815
30.28290,15080
30.28980,15679
30.29668,14261
30.30358,15907
30.31048,15513
30.31737,14566
30.32427,14730
30.33117,13026
30.33807,14294
30.34495,14657
30.35185,14617
30.35875,14922
30.36563,13751
30.37253,14560
30.37943,15679
30.38633,16995
30.39322,20808
30.40012,24172
30.40702,29224
30.41392,35344
30.42080,37792
30.42770,39715
30.43460,37185
30.44148,31534
30.44838,26439
30.45528,23985
30.46218,22721
30.46907,19153
30.47597,18527
30.48287,17833
30.48977,17323
30.49665,16862
30.50355,16306
30.51045,17830
30.51733,21043
30.52423,21702
30.53113,23307
30.53803,25564
30.54492,29140
30.55182,30232
30.55872,29516
30.56560,30387
30.57250,24891
30.57940,23851
30.58630,22649
30.59318,20496
30.60008,20031
30.60698,17440
30.61388,16875
30.62077,17737
30.62767,15353
30.63457,15537
30.64145,15128
30.64835,16533
30.65525,17580
30.66215,19597
30.66903,22329
30.67593,25643
30.68283,27599
30.68973,28306
30.69662,28917
30.70352,27594
30.71042,25751
30.71730,22120
30.72420,21632
30.73110,18520
30.73800,17301
30.74488,16963
30.75178,15041
30.75868,15506
30.76557,14494
30.77247,16155
30.77937,14941
30.78627,16294
30.79315,17173
30.80005,15584
30.80695,15786
30.81385,14483
30.82073,14162
30.82763,14738
30.83453,14080
30.84142,13726
30.84832,13027
30.85522,14082
30.86212,12732
30.86900,13048
30.87590,14205
30.88280,12913
30.88970,14156
30.89658,14139
30.90348,15092
30.91038,14884
30.91727,16052
30.92417,15872
30.93107,15615
30.93797,14964
30.94485,15991
30.95175,14460
30.95865,14699
30.96553,16206
30.97243,16928
30.97933,21764
30.98623,33437
30.99312,51537
31.00002,82801
31.00692,127123
31.01382,179762
31.02070,231046
31.02760,262166
31.03450,268949
31.04138,232730
31.04828,179203
31.05518,125442
31.06208,86984
31.06897,56813
31.07587,38390
31.08277,27428
31.08967,24332
31.09655,19880
31.10345,17424
31.11035,17149
31.11723,16067
31.12413,15661
31.13103,15198
31.13793,14957
31.14482,13745
31.15172,14737
31.15862,15366
31.16550,14346
31.17240,13795
31.17930,14356
31.18620,13684
31.19308,13421
31.19998,13997
31.20688,15805
31.21378,15726
31.22067,17031
31.22757,17496
31.23447,18586
31.24135,18526
31.24825,17213
31.25515,16735
31.26205,14206
31.26893,15103
31.27583,14752
31.28273,13436
31.28962,12415
31.29652,12537
31.30342,12716
31.31032,13694
31.31720,13487
31.32410,12521
31.33100,13872
31.33790,13105
31.34478,11755
31.35168,12867
31.35858,13477
31.36547,11846
31.37237,12957
31.37927,13282
31.38617,11838
31.39305,13690
31.39995,14621
31.40685,13808
31.41375,16406
31.42063,19160
31.42753,25331
31.43443,32745
31.44132,40478
31.44822,43598
31.45512,45548
31.46202,44943
31.46890,39007
31.47580,31124
31.48270,25193
31.48958,20047
31.49648,17733
31.50338,16393
31.51028,15626
31.51717,13215
31.52407,13823
31.53097,13882
31.53787,13354
31.54475,15649
31.55165,15787
31.55855,16967
31.56543,16755
31.57233,16898
31.57923,18257
31.58613,16754
31.59302,13968
31.59992,15500
31.60682,13518
31.61372,13997
31.62060,13776
31.62750,13964
31.63440,11396
31.64128,12224
31.64818,12357
31.65508,13409
31.66198,11952
31.66887,12201
31.67577,12286
31.68267,11881
31.68955,11501
31.69645,13173
31.70335,11935
31.71025,11438
31.71713,11702
31.72403,12168
31.73093,11033
31.73783,12410
31.74472,11217
31.75162,11966
31.75852,12469
31.76540,12095
31.77230,12257
31.77920,11991
31.78610,12357
31.79298,13070
31.79988,11939
31.80678,12273
31.81368,12758
31.82057,11347
31.82747,13143
31.83437,13428
31.84125,13365
31.84815,12773
31.85505,12023
31.86195,11617
31.86883,12524
31.87573,12730
31.88263,11164
31.88952,13174
31.89642,12609
31.90332,12921
31.91022,12335
31.91710,12491
31.92400,11689
31.93090,11018
31.93780,12742
31.94468,11370
31.95158,12909
31.95848,12198
31.96537,12513
31.97227,13003
31.97917,12420
31.98607,11852
31.99295,11949
31.99985,12320
32.00675,13545
32.01363,14264
32.02053,15951
32.02743,21245
32.03433,29097
32.04122,41845
32.04812,60780
32.05502,73793
32.06192,89015
32.06880,95956
32.07570,89188
32.08260,81940
32.08948,69480
32.09638,51337
32.10328,41205
32.11018,38056
32.11707,38409
32.12397,46317
32.13087,64419
32.13777,95481
32.14465,141414
32.15155,200223
32.15845,260034
32.16533,308060
32.17223,321929
32.17913,288564
32.18603,245053
32.19292,205255
32.19982,193340
32.20672,225220
32.21360,334054
32.22050,560881
32.22740,918291
32.23430,1324959
32.24118,1808722
32.24808,2281186
32.25498,2438773
32.26188,2264657
32.26877,1931543
32.27567,1521804
32.28257,1141130
32.28945,854215
32.29635,639930
32.30325,489630
32.31015,354202
32.31703,248741
32.32393,182243
32.33083,149323
32.33773,146015
32.34462,169467
32.35152,212718
32.35842,258454
32.36530,290936
32.37220,304722
32.37910,293216
32.38600,259706
32.39288,211699
32.39978,166499
32.40668,134762
32.41357,103989
32.42047,86927
32.42737,69902
32.43427,58983
32.44115,50370
32.44805,44457
32.45495,39854
32.46185,36565
32.46873,35420
32.47563,32735
32.48253,33210
32.48942,29357
32.49632,32599
32.50322,32091
32.51012,31528
32.51700,28849
32.52390,29065
32.53080,27482
32.53770,27955
32.54458,26777
32.55148,25303
32.55838,25678
32.56527,25450
32.57217,25324
32.57907,27518
32.58597,29947
32.59285,33384
32.59975,38053
32.60665,46271
32.61353,47474
32.62043,50232
32.62733,49107
32.63423,49691
32.64112,53220
32.64802,79272
32.65492,145528
32.66182,306320
32.66870,665282
32.67560,1277584
32.68250,2262464
32.68938,3553626
32.69628,5188799
32.70318,6820468
32.71008,8614795
32.71697,1.045655E+07
32.72387,1.205227E+07
32.73077,1.350038E+07
32.73767,1.483238E+07
32.74455,1.553482E+07
32.75145,1.472457E+07
32.75835,1.16068E+07
32.76523,6433577
32.77213,2673834
32.77903,1144832
32.78593,564586
32.79282,331921
32.79972,226774
32.80662,169417
32.81350,131512
32.82040,106149
32.82730,93679
32.83420,84592
32.84108,76726
32.84798,74274
32.85488,70064
32.86178,72994
32.86867,73719
32.87557,67104
32.88247,61650
32.88935,54383
32.89625,46685
32.90315,43204
32.91005,39263
32.91693,35176
32.92383,34771
32.93073,32322
32.93762,31297
32.94452,29233
32.95142,28898
32.95832,27403
32.96520,24848
32.97210,24813
32.97900,24443
32.98590,24933
32.99278,24518
32.99968,23351
33.00658,23685
33.01347,23439
33.02037,22507
33.02727,22413
33.03417,22902
33.04105,21237
33.04795,19238
33.05485,19571
33.06175,21835
33.06863,19906
33.07553,19783
33.08243,20871
33.08932,21389
33.09622,21357
33.10312,20860
33.11002,23244
33.11690,25474
33.12380,28044
33.13070,33494
33.13758,35498
33.14448,38272
33.15138,37963
33.15828,35871
33.16517,33870
33.17207,28176
33.17897,24580
33.18587,21293
33.19275,21052
33.19965,18954
33.20655,19674
33.21343,19675
33.22033,19809
33.22723,19880
33.23413,20413
33.24102,22421
33.24792,23506
33.25482,24725
33.26172,24744
33.26860,25466
33.27550,26587
33.28240,25766
33.28928,24358
33.29618,24373
33.30308,24836
33.30998,21388
33.31687,20661
33.32377,18673
33.33067,18466
33.33755,18462
33.34445,18890
33.35135,17278
33.35825,15614
33.36513,16149
33.37203,16347
33.37893,17068
33.38583,16567
33.39272,17309
33.39962,17176
33.40652,16877
33.41340,17093
33.42030,17805
33.42720,15516
33.43410,14489
33.44098,14875
33.44788,15280
33.45478,16111
33.46168,16188
33.46857,17276
33.47547,13923
33.48237,14895
33.48925,15391
33.49615,15581
33.50305,14631
33.50995,14642
33.51683,14384
33.52373,15542
33.53063,14263
33.53752,15746
33.54442,15201
33.55132,14021
33.55822,15260
33.56510,14273
33.57200,15634
33.57890,14534
33.58580,15657
33.59268,15029
33.59958,14430
33.60648,14946
33.61337,15955
33.62027,13778
33.62717,15632
33.63407,14416
33.64095,14754
33.64785,14725
33.65475,15083
33.66165,14980
33.66853,12741
33.67543,14986
33.68233,14511
33.68922,16127
33.69612,15388
33.70302,15783
33.70992,16143
33.71680,14931
33.72370,14720
33.73060,16019
33.73748,15404
33.74438,15920
33.75128,16351
33.75818,16233
33.76507,15531
33.77197,15525
33.77887,17002
33.78577,19673
33.79265,21057
33.79955,20829
33.80645,21942
33.81333,22407
33.82023,21982
33.82713,21466
33.83403,21831
33.84092,22349
33.84782,26481
33.85472,29148
33.86162,35665
33.86850,39997
33.87540,44916
33.88230,47728
33.88918,50135
33.89608,52231
33.90298,52571
33.90988,57744
33.91677,62443
33.92367,70553
33.93057,72832
33.93745,72444
33.94435,66161
33.95125,58306
33.95815,53780
33.96503,49825
33.97193,46869
33.97883,49525
33.98573,51010
33.99262,56414
33.99952,57599
34.00642,58651
34.01330,57059
34.02020,53950
34.02710,49256
34.03400,47090
34.04088,43341
34.04778,41625
34.05468,37986
34.06157,36332
34.06847,33282
34.07537,30769
34.08227,28386
34.08915,27550
34.09605,24346
34.10295,25067
34.10985,22218
34.11673,20590
34.12363,18430
34.13053,18963
34.13742,19129
34.14432,20102
34.15122,19046
34.15812,17041
34.16500,21069
34.17190,16994
34.17880,19156
34.18570,18845
34.19258,17833
34.19948,19107
34.20638,19090
34.21327,18393
34.22017,17458
34.22707,18099
34.23397,18394
34.24085,18650
34.24775,20311
34.25465,22957
34.26153,35240
34.26843,58933
34.27533,103256
34.28223,180375
34.28912,305362
34.29602,469375
34.30292,640258
34.30982,746938
34.31670,773802
34.32360,709356
34.33050,589542
34.33738,439485
34.34428,305109
34.35118,213559
34.35808,146682
34.36497,105711
34.37187,79084
34.37877,61792
34.38567,50131
34.39255,43655
34.39945,39070
34.40635,34896
34.41323,31729
34.42013,30117
34.42703,27450
34.43393,24495
34.44082,23310
34.44772,22946
34.45462,22631
34.46150,22850
34.46840,21798
34.47530,21717
34.48220,23988
34.48908,22752
34.49598,21601
34.50288,23688
34.50978,21999
34.51667,25167
34.52357,25679
34.53047,26440
34.53735,24686
34.54425,26426
34.55115,25891
34.55805,23406
34.56493,21639
34.57183,21986
34.57873,21243
34.58563,19136
34.59252,19977
34.59942,21624
34.60632,25797
34.61320,26569
34.62010,28462
34.62700,28036
34.63390,27917
34.64078,27261
34.64768,26299
34.65458,24776
34.66147,24511
34.66837,22701
34.67527,23397
34.68217,23103
34.68905,22886
34.69595,21034
34.70285,19783
34.70975,19199
34.71663,20193
34.72353,20237
34.73043,22747
34.73732,27202
34.74422,31036
34.75112,36092
34.75802,41606
34.76490,43564
34.77180,46832
34.77870,45599
34.78558,42756
34.79248,35992
34.79938,32035
34.80628,26868
34.81317,26089
34.82007,23254
34.82697,20796
34.83387,20249
34.84075,19998
34.84765,21161
34.85455,20428
34.86143,22602
34.86833,22880
34.87523,26552
34.88213,23866
34.88902,25346
34.89592,25812
34.90282,27966
34.90972,27542
34.91660,23912
34.92350,23704
34.93040,22955
34.93728,20991
34.94418,19608
34.95108,18712
34.95798,19045
34.96487,20157
34.97177,19611
34.97867,18899
34.98555,17093
34.99245,17517
34.99935,18196
35.00625,16671
35.01313,15820
35.02003,16729
35.02693,17807
35.03383,18172
35.04072,17825
35.04762,18899
35.05452,20018
35.06140,19374
35.06830,19270
35.07520,20506
35.08210,21934
35.08898,18695
35.09588,21358
35.10278,19705
35.10968,18895
35.11657,19236
35.12347,17370
35.13037,17534
35.13725,16254
35.14415,16191
35.15105,17067
35.15795,16815
35.16483,18180
35.17173,17658
35.17863,20118
35.18552,20643
35.19242,20684
35.19932,19077
35.20622,19290
35.21310,17691
35.22000,17137
35.22690,17300
35.23380,17955
35.24068,16868
35.24758,15886
35.25448,15995
35.26137,17032
35.26827,18323
35.27517,18449
35.28207,18180
35.28895,18959
35.29585,19261
35.30275,19284
35.30965,19807
35.31653,20909
35.32343,20959
35.33033,23165
35.33722,28517
35.34412,38581
35.35102,55783
35.35792,86273
35.36480,132481
35.37170,197367
35.37860,265692
35.38548,337576
35.39238,414407
35.39928,452261
35.40618,452008
35.41307,470677
35.41997,527395
35.42687,693696
35.43377,934097
35.44065,1267396
35.44755,1654740
35.45445,1941784
35.46133,2025577
35.46823,1885898
35.47513,1621341
35.48203,1301056
35.48892,1009539
35.49582,835637
35.50272,740799
35.50962,709687
35.51650,680449
35.52340,658671
35.53030,608821
35.53718,549789
35.54408,510589
35.55098,502811
35.55788,530952
35.56477,561776
35.57167,581958
35.57857,576801
35.58545,531596
35.59235,461952
35.59925,378621
35.60615,293251
35.61303,226665
35.61993,183252
35.62683,153839
35.63373,125223
35.64062,110947
35.64752,97341
35.65442,81587
35.66130,74010
35.66820,65056
35.67510,58142
35.68200,54305
35.68888,50982
35.69578,52133
35.70268,47292
35.70958,47659
35.71647,48605
35.72337,47598
35.73027,48160
35.73715,46764
35.74405,46878
35.75095,49501
35.75785,50234
35.76473,56617
35.77163,62976
35.77853,70186
35.78542,81367
35.79232,94335
35.79922,109474
35.80612,148145
35.81300,226504
35.81990,398582
35.82680,746524
35.83370,1351736
35.84058,2330052
35.84748,3618294
35.85438,5053694
35.86127,6782883
35.86817,8714685
35.87507,1.053204E+07
35.88197,1.236205E+07
35.88885,1.410658E+07
35.89575,1.566003E+07
35.90265,1.691838E+07
35.90953,1.786145E+07
35.91643,1.875069E+07
35.92333,1.986072E+07
35.93023,2.003142E+07
35.93712,1.707318E+07
35.94402,9855426
35.95092,4099132
35.95782,1860702
35.96470,1046831
35.97160,689889
35.97850,505705
35.98538,385497
35.99228,306464
35.99918,251374
36.00608,214167
36.01297,186692
36.01987,159633
36.02677,142972
36.03367,130695
36.04055,120410
36.04745,117760
36.05435,112366
36.06123,109936
36.06813,106062
36.07503,102308
36.08193,94226
36.08882,88353
36.09572,76849
36.10262,68333
36.10950,64928
36.11640,60118
36.12330,55706
36.13020,53008
36.13708,51737
36.14398,51271
36.15088,49300
36.15778,46317
36.16467,46643
36.17157,44719
36.17847,45348
36.18535,48029
36.19225,51429
36.19915,50351
36.20605,46833
36.21293,49652
36.21983,49002
36.22673,44126
36.23363,40303
36.24052,36275
36.24742,35137
36.25432,32476
36.26120,33130
36.26810,31845
36.27500,32657
36.28190,32808
36.28878,34555
36.29568,39923
36.30258,47158
36.30947,67853
36.31637,84773
36.32327,113782
36.33017,135356
36.33705,147677
36.34395,152315
36.35085,152454
36.35775,138493
36.36463,129701
36.37153,117868
36.37843,105569
36.38532,96932
36.39222,86386
36.39912,75419
36.40602,68594
36.41290,61581
36.41980,54052
36.42670,53432
36.43360,48170
36.44048,45654
36.44738,44220
36.45428,42954
36.46117,41492
36.46807,39954
36.47497,38759
36.48187,37746
36.48875,34923
36.49565,33046
36.50255,31988
36.50943,30548
36.51633,29996
36.52323,30152
36.53013,29746
36.53702,28566
36.54392,29107
36.55082,27737
36.55772,27920
36.56460,28520
36.57150,27224
36.57840,26294
36.58528,28405
36.59218,28171
36.59908,29214
36.60598,31289
36.61287,33066
36.61977,33582
36.62667,33509
36.63357,32363
36.64045,30824
36.64735,29886
36.65425,28359
36.66113,26296
36.66803,26080
36.67493,25113
36.68183,24383
36.68872,24365
36.69562,23633
36.70252,25883
36.70940,24600
36.71630,24158
36.72320,24276
36.73010,24419
36.73698,23754
36.74388,26447
36.75078,24004
36.75768,25158
36.76457,24417
36.77147,24264
36.77837,27388
36.78525,28672
36.79215,28998
36.79905,31367
36.80595,29416
36.81283,28167
36.81973,28183
36.82663,27081
36.83352,27118
36.84042,24397
36.84732,24352
36.85422,24854
36.86110,25445
36.86800,24529
36.87490,24894
36.88180,26185
36.88868,26707
36.89558,28204
36.90248,28047
36.90937,27704
36.91627,28437
36.92317,30533
36.93007,32584
36.93695,32041
36.94385,35853
36.95075,38063
36.95765,47431
36.96453,50156
36.97143,56648
36.97833,62676
36.98522,70165
36.99212,80186
36.99902,97975
37.00592,108391
37.01280,118814
37.01970,138863
37.02660,151866
37.03348,157148
37.04038,176864
37.04728,179246
37.05418,182402
37.06107,171550
37.06797,150363
37.07487,127524
37.08177,108772
37.08865,93479
37.09555,78245
37.10245,67051
37.10933,58744
37.11623,55266
37.12313,50055
37.13003,46448
37.13692,40101
37.14382,38785
37.15072,37155
37.15762,34373
37.16450,35071
37.17140,31883
37.17830,34375
37.18518,30650
37.19208,30171
37.19898,29983
37.20588,29415
37.21277,29780
37.21967,27723
37.22657,29499
37.23345,29292
37.24035,26145
37.24725,29111
37.25415,24767
37.26103,28589
37.26793,28178
37.27483,29354
37.28173,32016
37.28862,34188
37.29552,45211
37.30242,65853
37.30930,109676
37.31620,192398
37.32310,337373
37.33000,568752
37.33688,843502
37.34378,1117928
37.35068,1328606
37.35758,1384925
37.36447,1285403
37.37137,1079870
37.37827,822352
37.38515,605003
37.39205,433702
37.39895,319315
37.40585,238682
37.41273,190897
37.41963,157381
37.42653,126769
37.43342,111354
37.44032,97106
37.44722,83248
37.45412,76835
37.46100,68874
37.46790,61575
37.47480,59941
37.48170,54900
37.48858,48530
37.49548,44988
37.50238,44744
37.50927,43606
37.51617,41139
37.52307,38790
37.52997,40246
37.53685,37923
37.54375,35524
37.55065,35703
37.55753,35850
37.56443,34350
37.57133,32419
37.57823,31579
37.58512,32042
37.59202,29499
37.59892,28814
37.60582,28532
37.61270,31403
37.61960,29575
37.62650,28637
37.63338,28120
37.64028,26821
37.64718,27992
37.65408,25607
37.66097,25496
37.66787,24208
37.67477,27364
37.68167,28005
37.68855,27642
37.69545,28470
37.70235,30642
37.70923,28840
37.71613,31364
37.72303,30138
37.72993,29483
37.73682,27461
37.74372,27701
37.75062,26507
37.75750,25995
37.76440,26250
37.77130,26014
37.77820,26199
37.78508,25480
37.79198,28430
37.79888,29269
37.80578,33645
37.81267,34837
37.81957,38322
37.82647,37630
37.83335,40813
37.84025,43013
37.84715,39113
37.85405,35155
37.86093,32917
37.86783,31634
37.87473,31542
37.88163,30289
37.88852,34877
37.89542,38622
37.90232,47698
37.90920,56162
37.91610,62850
37.92300,65676
37.92990,71052
37.93678,65507
37.94368,58292
37.95058,51399
37.95747,48020
37.96437,37620
37.97127,36724
37.97817,32810
37.98505,32183
37.99195,32639
37.99885,32920
38.00575,34110
38.01263,36671
38.01953,34771
38.02643,34035
38.03332,31391
38.04022,29090
38.04712,28005
38.05402,27982
38.06090,25649
38.06780,27681
38.07470,27312
38.08160,26492
38.08848,26433
38.09538,28377
38.10228,28105
38.10917,28346
38.11607,28551
38.12297,25930
38.12987,27089
38.13675,26352
38.14365,25160
38.15055,24859
38.15743,25606
38.16433,23008
38.17123,24450
38.17813,24406
38.18502,24621
38.19192,24663
38.19882,23860
38.20572,25556
38.21260,25266
38.21950,27924
38.22640,26688
38.23328,27577
38.24018,29264
38.24708,32879
38.25398,31477
38.26087,31254
38.26777,31512
38.27467,30766
38.28157,32296
38.28845,29548
38.29535,30912
38.30225,32275
38.30913,32910
38.31603,33881
38.32293,38509
38.32983,42663
38.33672,51429
38.34362,61783
38.35052,88121
38.35740,120349
38.36430,160279
38.37120,210646
38.37810,265780
38.38498,329946
38.39188,401401
38.39878,498346
38.40568,635802
38.41257,802986
38.41947,986143
38.42637,1199055
38.43325,1329394
38.44015,1373301
38.44705,1279148
38.45395,1134241
38.46083,922659
38.46773,740877
38.47463,615404
38.48152,546508
38.48842,515670
38.49532,518143
38.50222,524270
38.50910,537549
38.51600,557173
38.52290,577328
38.52980,589930
38.53668,593733
38.54358,584638
38.55048,550691
38.55737,502497
38.56427,432538
38.57117,364326
38.57807,301901
38.58495,252070
38.59185,206890
38.59875,175235
38.60565,151496
38.61253,132874
38.61943,116659
38.62633,107312
38.63322,99080
38.64012,91651
38.64702,84326
38.65392,79482
38.66080,77931
38.66770,71130
38.67460,68590
38.68148,71450
38.68838,74704
38.69528,79639
38.70218,86095
38.70907,96525
38.71597,107765
38.72287,124908
38.72977,152806
38.73665,206129
38.74355,309716
38.75045,510851
38.75733,878793
38.76423,1451556
38.77113,2424708
38.77803,3626539
38.78492,5154758
38.79182,6838351
38.79872,8657899
38.80562,1.069528E+07
38.81250,1.246116E+07
38.81940,1.4302E+07
38.82630,1.574524E+07
38.83318,1.728075E+07
38.84008,1.815658E+07
38.84698,1.893326E+07
38.85388,1.99751E+07
38.86077,2.106673E+07
38.86767,2.115683E+07
38.87457,1.88587E+07
38.88145,1.22096E+07
38.88835,5791886
38.89525,2891594
38.90215,1750789
38.90903,1204989
38.91593,898381
38.92283,712192
38.92973,579110
38.93662,483617
38.94352,413179
38.95042,359787
38.95730,314567
38.96420,278049
38.97110,249201
38.97800,224577
38.98488,204698
38.99178,187134
38.99868,171294
39.00558,165977
39.01247,159188
39.01937,153730
39.02627,148411
39.03315,145425
39.04005,136805
39.04695,127587
39.05385,116377
39.06073,109388
39.06763,101981
39.07453,97059
39.08142,91432
39.08832,85906
39.09522,84622
39.10212,82020
39.10900,79265
39.11590,74982
39.12280,75441
39.12970,73939
39.13658,67750
39.14348,65967
39.15038,61787
39.15727,60593
39.16417,60944
39.17107,56643
39.17797,55163
39.18485,57926
39.19175,56881
39.19865,63049
39.20555,72548
39.21243,86811
39.21933,110243
39.22623,135314
39.23312,166152
39.24002,183021
39.24692,208377
39.25382,218326
39.26070,224798
39.26760,214021
39.27450,205431
39.28138,193516
39.28828,183627
39.29518,176144
39.30208,166203
39.30897,149982
39.31587,137640
39.32277,121819
39.32967,110870
39.33655,100088
39.34345,91709
39.35035,85850
39.35723,82250
39.36413,80970
39.37103,75498
39.37793,72941
39.38482,68001
39.39172,66401
39.39862,62761
39.40552,57444
39.41240,56550
39.41930,56852
39.42620,53375
39.43308,52728
39.43998,51770
39.44688,51456
39.45378,56204
39.46067,54979
39.46757,54781
39.47447,56833
39.48135,58546
39.48825,62679
39.49515,65288
39.50205,74053
39.50893,68299
39.51583,70178
39.52273,68419
39.52963,62294
39.53652,59937
39.54342,57239
39.55032,51029
39.55720,49297
39.56410,49237
39.57100,48150
39.57790,48259
39.58478,50494
39.59168,49220
39.59858,50928
39.60547,48476
39.61237,48321
39.61927,45525
39.62617,46411
39.63305,44887
39.63995,42876
39.64685,43278
39.65375,43383
39.66063,43816
39.66753,43133
39.67443,42485
39.68132,43914
39.68822,41043
39.69512,40870
39.70202,39314
39.70890,36838
39.71580,39764
39.72270,39113
39.72960,38201
39.73648,39393
39.74338,37615
39.75028,38212
39.75717,37752
39.76407,39678
39.77097,41311
39.77787,42603
39.78475,45867
39.79165,46236
39.79855,46968
39.80543,49134
39.81233,49879
39.81923,51982
39.82613,51912
39.83302,52405
39.83992,54903
39.84682,52924
39.85372,52530
39.86060,52727
39.86750,52681
39.87440,55798
39.88128,59555
39.88818,65274
39.89508,66772
39.90198,65656
39.90887,67120
39.91577,63372
39.92267,60317
39.92957,64960
39.93645,61038
39.94335,59658
39.95025,61398
39.95713,55922
39.96403,57409
39.97093,56145
39.97783,52986
39.98472,52049
39.99162,50497
39.99852,46849
40.00540,42440
40.01230,41829
40.01920,43272
40.02610,44130
40.03298,37870
40.03988,37216
40.04678,38622
40.05368,38462
40.06057,36209
40.06747,35454
40.07437,37387
40.08125,36721
40.08815,35492
40.09505,37280
40.10195,37305
40.10883,39464
40.11573,41495
40.12263,50403
40.12953,59427
40.13642,81748
40.14332,113350
40.15022,156030
40.15710,213958
40.16400,263184
40.17090,318020
40.17780,352359
40.18468,358785
40.19158,332411
40.19848,291068
40.20537,240636
40.21227,198598
40.21917,170590
40.22607,144354
40.23295,126136
40.23985,110767
40.24675,102340
40.25365,93864
40.26053,83992
40.26743,78748
40.27433,75048
40.28122,71742
40.28812,68484
40.29502,62705
40.30192,62637
40.30880,57234
40.31570,56758
40.32260,54112
40.32948,49822
40.33638,50975
40.34328,49948
40.35018,48483
40.35707,46235
40.36397,47176
40.37087,45611
40.37777,43797
40.38465,44136
40.39155,43617
40.39845,42105
40.40533,40458
40.41223,41279
40.41913,41020
40.42603,40551
40.43292,40387
40.43982,37638
40.44672,37743
40.45362,35816
40.46050,37261
40.46740,34874
40.47430,36391
40.48118,35442
40.48808,36209
40.49498,36650
40.50188,35293
40.50877,35655
40.51567,34453
40.52257,35333
40.52945,34987
40.53635,35725
40.54325,35213
40.55015,36144
40.55703,37243
40.56393,40539
40.57083,44100
40.57773,46476
40.58462,49119
40.59152,48460
40.59842,49778
40.60530,49776
40.61220,50183
40.61910,45473
40.62600,41666
40.63288,42233
40.63978,40604
40.64668,40358
40.65358,39155
40.66047,39077
40.66737,41803
40.67427,44198
40.68115,42266
40.68805,39927
40.69495,40153
40.70185,39904
40.70873,36202
40.71563,36297
40.72253,35235
40.72942,35554
40.73632,34128
40.74322,34344
40.75012,36967
40.75700,35044
40.76390,35244
40.77080,35694
40.77770,34349
40.78458,36505
40.79148,36116
40.79838,39035
40.80527,40548
40.81217,41792
40.81907,44977
40.82597,44564
40.83285,49474
40.83975,47032
40.84665,44280
40.85355,40984
40.86043,40307
40.86733,38974
40.87423,37801
40.88112,38409
40.88802,38656
40.89492,40015
40.90182,37373
40.90870,40262
40.91560,40897
40.92250,42651
40.92938,42440
40.93628,43657
40.94318,42517
40.95008,41380
40.95697,40957
40.96387,35842
40.97077,37962
40.97767,37507
40.98455,38727
40.99145,39823
40.99835,42059
41.00523,44499
41.01213,47679
41.01903,47561
41.02593,48065
41.03282,48409
41.03972,47953
41.04662,48363
41.05352,47891
41.06040,48739
41.06730,45186
41.07420,44529
41.08108,43664
41.08798,48678
41.09488,50462
41.10178,54842
41.10867,58877
41.11557,66556
41.12247,75670
41.12935,87845
41.13625,111853
41.14315,141148
41.15005,184129
41.15693,232958
41.16383,292121
41.17073,358621
41.17763,442904
41.18452,539236
41.19142,626956
41.19832,695725
41.20520,753688
41.21210,757614
41.21900,754886
41.22590,736968
41.23278,718619
41.23968,723111
41.24658,760637
41.25347,789219
41.26037,803693
41.26727,777609
41.27417,742369
41.28105,701748
41.28795,645712
41.29485,616735
41.30175,576211
41.30863,544814
41.31553,482983
41.32243,431793
41.32932,372970
41.33622,312552
41.34312,267731
41.35002,228316
41.35690,204504
41.36380,176808
41.37070,161396
41.37760,149048
41.38448,136718
41.39138,127567
41.39828,120813
41.40517,113686
41.41207,106691
41.41897,102093
41.42587,100131
41.43275,98291
41.43965,100023
41.44655,104336
41.45343,113678
41.46033,133110
41.46723,178389
41.47413,269639
41.48102,447537
41.48792,733678
41.49482,1149886
41.50172,1836515
41.50860,2716896
41.51550,3762722
41.52240,5031035
41.52928,6036314
41.53618,6828365
41.54308,6835582
41.54998,5933406
41.55687,4536188
41.56377,3197644
41.57067,2209302
41.57757,1580068
41.58445,1187842
41.59135,931547
41.59825,765090
41.60513,633373
41.61203,536312
41.61893,468398
41.62583,406201
41.63272,364357
41.63962,327257
41.64652,297860
41.65340,271107
41.66030,244533
41.66720,228274
41.67410,214135
41.68098,192982
41.68788,176436
41.69478,170703
41.70168,161819
41.70857,152505
41.71547,144669
41.72237,135769
41.72925,134309
41.73615,127590
41.74305,119230
41.74995,115541
41.75683,114048
41.76373,114176
41.77063,106275
41.77753,109557
41.78442,103857
41.79132,98013
41.79822,96288
41.80510,89701
41.81200,86785
41.81890,80144
41.82580,78601
41.83268,78610
41.83958,75892
41.84648,76455
41.85337,74767
41.86027,75284
41.86717,76557
41.87407,81240
41.88095,91528
41.88785,104451
41.89475,122238
41.90165,132731
41.90853,156242
41.91543,172471
41.92233,181215
41.92922,185485
41.93612,178507
41.94302,182141
41.94992,168595
41.95680,155748
41.96370,146880
41.97060,137613
41.97750,128335
41.98438,121026
41.99128,111911
41.99818,107092
42.00507,103572
42.01197,96440
42.01887,92237
42.02577,89839
42.03265,86448
42.03955,81087
42.04645,76256
42.05333,77577
42.06023,74130
42.06713,71995
42.07403,74446
42.08092,71886
42.08782,70642
42.09472,66062
42.10162,68540
42.10850,64795
42.11540,59782
42.12230,62339
42.12918,62761
42.13608,64792
42.14298,64316
42.14988,62796
42.15677,67455
42.16367,65286
42.17057,65339
42.17747,64551
42.18435,62147
42.19125,63234
42.19815,60145
42.20503,58052
42.21193,59338
42.21883,58438
42.22573,60043
42.23262,60034
42.23952,58900
42.24642,62285
42.25330,61926
42.26020,61929
42.26710,59464
42.27400,61726
42.28088,61845
42.28778,66023
42.29468,63601
42.30158,61106
42.30847,62991
42.31537,58982
42.32227,60135
42.32915,58784
42.33605,58196
42.34295,55859
42.34985,54765
42.35673,56892
42.36363,54310
42.37053,54585
42.37742,52545
42.38432,51198
42.39122,52543
42.39812,53523
42.40500,55282
42.41190,53943
42.41880,53701
42.42570,55311
42.43258,52954
42.43948,52167
42.44638,55294
42.45327,54626
42.46017,54847
42.46707,54577
42.47397,56112
42.48085,58556
42.48775,60579
42.49465,59132
42.50155,62039
42.50843,63174
42.51533,62721
42.52223,63232
42.52912,63441
42.53602,63520
42.54292,62709
42.54982,65111
42.55670,66721
42.56360,65651
42.57050,65613
42.57738,64836
42.58428,64676
42.59118,67240
42.59808,67793
42.60497,69310
42.61187,69819
42.61877,75367
42.62567,73564
42.63255,71162
42.63945,73802
42.64635,79964
42.65323,88059
42.66013,97922
42.66703,110424
42.67393,124780
42.68082,138416
42.68772,142213
42.69462,143246
42.70152,130288
42.70840,118339
42.71530,105204
42.72220,94850
42.72908,85878
42.73598,72054
42.74288,66829
42.74978,63649
42.75667,63088
42.76357,64114
42.77047,68311
42.77735,71337
42.78425,83002
42.79115,92392
42.79805,101345
42.80493,108129
42.81183,109487
42.81873,109063
42.82563,104603
42.83252,96805
42.83942,86411
42.84632,79441
42.85320,76263
42.86010,70550
42.86700,63725
42.87390,64521
42.88078,64911
42.88768,60996
42.89458,61102
42.90148,59713
42.90837,57248
42.91527,58809
42.92217,56999
42.92905,56765
42.93595,55768
42.94285,56377
42.94975,56782
42.95663,55375
42.96353,54996
42.97043,52642
42.97732,55095
42.98422,52624
42.99112,54921
42.99802,54272
43.00490,53193
43.01180,52564
43.01870,51985
43.02560,51347
43.03248,52844
43.03938,53047
43.04628,50890
43.05317,51700
43.06007,49790
43.06697,50137
43.07387,51972
43.08075,50574
43.08765,50223
43.09455,50842
43.10143,49603
43.10833,50109
43.11523,49796
43.12213,50893
43.12902,50349
43.13592,48488
43.14282,51496
43.14972,51637
43.15660,48391
43.16350,52884
43.17040,51973
43.17728,54036
43.18418,52881
43.19108,55145
43.19798,54770
43.20487,52385
43.21177,52972
43.21867,53294
43.22557,51902
43.23245,51403
43.23935,50856
43.24625,48492
43.25313,50704
43.26003,50716
43.26693,52148
43.27383,53187
43.28072,49362
43.28762,48792
43.29452,51820
43.30140,49157
43.30830,52607
43.31520,51428
43.32210,49900
43.32898,51814
43.33588,51437
43.34278,51131
43.34968,52622
43.35657,49514
43.36347,51238
43.37037,52482
43.37725,52025
43.38415,51539
43.39105,49925
43.39795,50502
43.40483,51559
43.41173,52740
43.41863,53213
43.42553,56723
43.43242,58765
43.43932,64493
43.44622,67358
43.45310,70758
43.46000,73144
43.46690,77785
43.47380,79358
43.48068,75020
43.48758,71877
43.49448,69560
43.50137,69559
43.50827,74565
43.51517,83726
43.52207,99336
43.52895,120955
43.53585,139814
43.54275,159945
43.54965,174732
43.55653,183634
43.56343,184044
43.57033,175085
43.57722,154738
43.58412,140883
43.59102,122800
43.59792,108854
43.60480,93587
43.61170,88094
43.61860,84227
43.62550,84709
43.63238,84124
43.63928,88431
43.64618,94484
43.65307,104928
43.65997,116583
43.66687,126305
43.67377,140499
43.68065,145193
43.68755,144157
43.69445,146143
43.70133,144866
43.70823,150699
43.71513,177633
43.72203,213797
43.72892,266708
43.73582,345685
43.74272,419222
43.74962,508820
43.75650,588308
43.76340,617441
43.77030,612169
43.77718,572789
43.78408,511961
43.79098,465318
43.79788,429540
43.80477,414318
43.81167,440118
43.81857,501445
43.82547,607071
43.83235,725315
43.83925,862071
43.84615,1000833
43.85303,1092166
43.85993,1100209
43.86683,1048038
43.87373,933561
43.88062,807215
43.88752,679113
43.89442,590118
43.90130,519539
43.90820,465028
43.91510,431252
43.92200,407837
43.92888,382281
43.93578,356838
43.94268,334634
43.94958,313348
43.95647,294106
43.96337,270766
43.97027,254649
43.97715,233195
43.98405,211792
43.99095,205396
43.99785,192508
44.00473,187780
44.01163,190413
44.01853,206913
44.02542,242076
44.03232,309421
44.03922,419709
44.04612,569095
44.05300,760616
44.05990,1021718
44.06680,1238793
44.07370,1443718
44.08058,1555546
44.08748,1523099
44.09438,1378322
44.10127,1175515
44.10817,980408
44.11507,807011
44.12197,677978
44.12885,586429
44.13575,506031
44.14265,451727
44.14955,402865
44.15643,371745
44.16333,341068
44.17023,313229
44.17712,293367
44.18402,261576
44.19092,251563
44.19782,233521
44.20470,220429
44.21160,210101
44.21850,198642
44.22538,191631
44.23228,184234
44.23918,173302
44.24608,166297
44.25297,164326
44.25987,159932
44.26677,149366
44.27367,147977
44.28055,142207
44.28745,138313
44.29435,136614
44.30123,131950
44.30813,128815
44.31503,125343
44.32193,119937
44.32882,118411
44.33572,118025
44.34262,118156
44.34952,113645
44.35640,112030
44.36330,112117
44.37020,108478
44.37708,109154
44.38398,106002
44.39088,107093
44.39778,109067
44.40467,113359
44.41157,115283
44.41847,121404
44.42535,124005
44.43225,126995
44.43915,127267
44.44605,127969
44.45293,121119
44.45983,120854
44.46673,112596
44.47363,110855
44.48052,107015
44.48742,105095
44.49432,100908
44.50120,98378
44.50810,100541
44.51500,95778
44.52190,93934
44.52878,93890
44.53568,91711
44.54258,90628
44.54948,87913
44.55637,88437
44.56327,86929
44.57017,87942
44.57705,87820
44.58395,88060
44.59085,82429
44.59775,84051
44.60463,81323
44.61153,83746
44.61843,83107
44.62532,83739
44.63222,81703
44.63912,78495
44.64602,79619
44.65290,78711
44.65980,80801
44.66670,80759
44.67360,82930
44.68048,85962
44.68738,86806
44.69428,85861
44.70117,86735
44.70807,85775
44.71497,83050
44.72187,81489
44.72875,82781
44.73565,85011
44.74255,81554
44.74945,83806
44.75633,82402
44.76323,79875
44.77013,84245
44.77702,84872
44.78392,81697
44.79082,78795
44.79772,75728
44.80460,80280
44.81150,75844
44.81840,76379
44.82528,74549
44.83218,76500
44.83908,74257
44.84598,75976
44.85287,75117
44.85977,76957
44.86667,80139
44.87357,77287
44.88045,76782
44.88735,76503
44.89425,77899
44.90113,78108
44.90803,73125
44.91493,77187
44.92183,74211
44.92872,78066
44.93562,76609
44.94252,78391
44.94942,76485
44.95630,77008
44.96320,78329
44.97010,80192
44.97698,80372
44.98388,84582
44.99078,82953
44.99768,87284
45.00457,85176
45.01147,87363
45.01837,88504
45.02525,90050
45.03215,83982
45.03905,86690
45.04595,82957
45.05283,82527
45.05973,83407
45.06663,81088
45.07353,79733
45.08042,77207
45.08732,79196
45.09422,79153
45.10110,78197
45.10800,78454
45.11490,81506
45.12180,86158
45.12868,93412
45.13558,101142
45.14248,112812
45.14937,130636
45.15627,142021
45.16317,146216
45.17007,142934
45.17695,142858
45.18385,137200
45.19075,132601
45.19765,129528
45.20453,136224
45.21143,139259
45.21833,150543
45.22522,157611
45.23212,163758
45.23902,168896
45.24592,154788
45.25280,142404
45.25970,135805
45.26660,126220
45.27350,120317
45.28038,108878
45.28728,100960
45.29418,98364
45.30107,93098
45.30797,91607
45.31487,91773
45.32177,89922
45.32865,88707
45.33555,87989
45.34245,84329
45.34933,84654
45.35623,86180
45.36313,83164
45.37003,89399
45.37692,82238
45.38382,83696
45.39072,87572
45.39762,82555
45.40450,86305
45.41140,84843
45.41830,91174
45.42518,91887
45.43208,90438
45.43898,92754
45.44588,95728
45.45277,91774
45.45967,88443
45.46657,87708
45.47347,83385
45.48035,85520
45.48725,86928
45.49415,88429
45.50103,84451
45.50793,86145
45.51483,86832
45.52173,85948
45.52862,86521
45.53552,84155
45.54242,84217
45.54930,85718
45.55620,82964
45.56310,84176
45.57000,84589
45.57688,83589
45.58378,82861
45.59068,81845
45.59758,82816
45.60447,85074
45.61137,83824
45.61827,84634
45.62515,81278
45.63205,83646
45.63895,85094
45.64585,82586
45.65273,79578
45.65963,82527
45.66653,82662
45.67343,81685
45.68032,82462
45.68722,83387
45.69412,82042
45.70100,84152
45.70790,81617
45.71480,80863
45.72170,81070
45.72858,81876
45.73548,81325
45.74238,79814
45.74927,80732
45.75617,82457
45.76307,82234
45.76997,80396
45.77685,81259
45.78375,80646
45.79065,81205
45.79755,82710
45.80443,82930
45.81133,81312
45.81823,84085
45.82512,83498
45.83202,85006
45.83892,85085
45.84582,87590
45.85270,87204
45.85960,88753
45.86650,86703
45.87338,86426
45.88028,88959
45.88718,86945
45.89408,93430
45.90097,98867
45.90787,104280
45.91477,115881
45.92167,128843
45.92855,141030
45.93545,142545
45.94235,150829
45.94923,147023
45.95613,143525
45.96303,133077
45.96993,120448
45.97682,111956
45.98372,105179
45.99062,101043
45.99752,94849
46.00440,94316
46.01130,95257
46.01820,95487
46.02508,96064
46.03198,99600
46.03888,97781
46.04578,103811
46.05267,106661
46.05957,109032
46.06647,110286
46.07335,114392
46.08025,114539
46.08715,114296
46.09405,114408
46.10093,117613
46.10783,119389
46.11473,123995
46.12163,123613
46.12852,123454
46.13542,127480
46.14232,134175
46.14920,151947
46.15610,173492
46.16300,209848
46.16990,259779
46.17678,301385
46.18368,350560
46.19058,374644
46.19748,396971
46.20437,384598
46.21127,350907
46.21817,301225
46.22505,259787
46.23195,226283
46.23885,202901
46.24575,192118
46.25263,191751
46.25953,196424
46.26643,204029
46.27332,214199
46.28022,217946
46.28712,220650
46.29402,212813
46.30090,201731
46.30780,184469
46.31470,170807
46.32160,159260
46.32848,149830
46.33538,144105
46.34228,137054
46.34917,136421
46.35607,133229
46.36297,129657
46.36987,126198
46.37675,129774
46.38365,128202
46.39055,126848
46.39745,126738
46.40433,128202
46.41123,122614
46.41813,128986
46.42502,127067
46.43192,131139
46.43882,138000
46.44572,139667
46.45260,143354
46.45950,146743
46.46640,148436
46.47328,146099
46.48018,144013
46.48708,137535
46.49398,131070
46.50087,126425
46.50777,124524
46.51467,117805
46.52157,117884
46.52845,115310
46.53535,120304
46.54225,116731
46.54913,115374
46.55603,115911
46.56293,117175
46.56983,124724
46.57672,128869
46.58362,139766
46.59052,143277
46.59740,147982
46.60430,149793
46.61120,152422
46.61810,150958
46.62498,146756
46.63188,141895
46.63878,134005
46.64568,127709
46.65257,123646
46.65947,119670
46.66637,116821
46.67325,115097
46.68015,116107
46.68705,117082
46.69395,113377
46.70083,114615
46.70773,109475
46.71463,111460
46.72153,112823
46.72842,104798
46.73532,110738
46.74222,109098
46.74910,110694
46.75600,109166
46.76290,113310
46.76980,111617
46.77668,114415
46.78358,114561
46.79048,119294
46.79737,120333
46.80427,123377
46.81117,128252
46.81807,129852
46.82495,132964
46.83185,129704
46.83875,130240
46.84565,126011
46.85253,125338
46.85943,121546
46.86633,120288
46.87322,115927
46.88012,117030
46.88702,113049
46.89392,112191
46.90080,112911
46.90770,111952
46.91460,111509
46.92150,114144
46.92838,112553
46.93528,111472
46.94218,109234
46.94907,110680
46.95597,111449
46.96287,108153
46.96977,107031
46.97665,107623
46.98355,108810
46.99045,108308
46.99733,108428
47.00423,108095
47.01113,107660
47.01803,107137
47.02492,107340
47.03182,111246
47.03872,106374
47.04562,110326
47.05250,110479
47.05940,111603
47.06630,111058
47.07318,108862
47.08008,109440
47.08698,108276
47.09388,110374
47.10077,109385
47.10767,110635
47.11457,111980
47.12147,109284
47.12835,112409
47.13525,110526
47.14215,109916
47.14903,107310
47.15593,108090
47.16283,110122
47.16973,114962
47.17662,112646
47.18352,112009
47.19042,110785
47.19730,112122
47.20420,109085
47.21110,109645
47.21800,111843
47.22488,107047
47.23178,111493
47.23868,110443
47.24558,112877
47.25247,111638
47.25937,108525
47.26627,111692
47.27315,112054
47.28005,111146
47.28695,109447
47.29385,110063
47.30073,113142
47.30763,114961
47.31453,114221
47.32143,112135
47.32832,109770
47.33522,111955
47.34212,115091
47.34900,116061
47.35590,113253
47.36280,111076
47.36970,108837
47.37658,115766
47.38348,112017
47.39038,111166
47.39727,112402
47.40417,110784
47.41107,111271
47.41797,114484
47.42485,113261
47.43175,111848
47.43865,115574
47.44555,114183
47.45243,115757
47.45933,113519
47.46623,114577
47.47312,112166
47.48002,117473
47.48692,114709
47.49382,114715
47.50070,117569
47.50760,115086
47.51450,117117
47.52140,117635
47.52828,115984
47.53518,117234
47.54208,115573
47.54897,114620
47.55587,119786
47.56277,117817
47.56967,122307
47.57655,118473
47.58345,119966
47.59035,118043
47.59723,123081
47.60413,123556
47.61103,127212
47.61793,127082
47.62482,131263
47.63172,130806
47.63862,133964
47.64552,129749
47.65240,133473
47.65930,131062
47.66620,127188
47.67308,125936
47.67998,129009
47.68688,123123
47.69378,122240
47.70067,123700
47.70757,124346
47.71447,123509
47.72137,120182
47.72825,123621
47.73515,122168
47.74205,120159
47.74893,126225
47.75583,118733
47.76273,120909
47.76963,122770
47.77652,122751
47.78342,122822
47.79032,116721
47.79720,119297
47.80410,121265
47.81100,120720
47.81790,126235
47.82478,121285
47.83168,123022
47.83858,124688
47.84548,124420
47.85237,120862
47.85927,123986
47.86617,124999
47.87305,119875
47.87995,125223
47.88685,123488
47.89375,124287
47.90063,123589
47.90753,124930
47.91443,127208
47.92132,121710
47.92822,125800
47.93512,122892
47.94202,127184
47.94890,125420
47.95580,122596
47.96270,124798
47.96960,121757
47.97648,124990
47.98338,126732
47.99028,125676
47.99717,125615
48.00407,121996
48.01097,126053
48.01787,130082
48.02475,125347
48.03165,127314
48.03855,130518
48.04545,127008
48.05233,123767
48.05923,128021
48.06613,127090
48.07302,128449
48.07992,128839
48.08682,126140
48.09372,128604
48.10060,130747
48.10750,129230
48.11440,127595
48.12128,129953
48.12818,128913
48.13508,128864
48.14198,129173
48.14887,128466
48.15577,128339
48.16267,130890
48.16957,131758
48.17645,133198
48.18335,130562
48.19025,131308
48.19713,131709
48.20403,136915
48.21093,131780
48.21783,133518
48.22472,131482
48.23162,132360
48.23852,136623
48.24542,131391
48.25230,133948
48.25920,132724
48.26610,133421
48.27298,132911
48.27988,133885
48.28678,135730
48.29368,130524
48.30057,135082
48.30747,134377
48.31437,131332
48.32125,131942
48.32815,135215
48.33505,136423
48.34195,136301
48.34883,134859
48.35573,136561
48.36263,138536
48.36953,136549
48.37642,134817
48.38332,136691
48.39022,137297
48.39710,140191
48.40400,142131
48.41090,141562
48.41780,138578
48.42468,139138
48.43158,137704
48.43848,134220
48.44538,141597
48.45227,137540
48.45917,138214
48.46607,137022
48.47295,138815
48.47985,140825
48.48675,142780
48.49365,141856
48.50053,135060
48.50743,139622
48.51433,137704
48.52122,137023
48.52812,140599
48.53502,141802
48.54192,141564
48.54880,137801
48.55570,140780
48.56260,136755
48.56950,140506
48.57638,139247
48.58328,140871
48.59018,142040
48.59707,142435
48.60397,137909
48.61087,143528
48.61777,141481
48.62465,140493
48.63155,142812
48.63845,143295
48.64533,145897
48.65223,146673
48.65913,147164
48.66603,143341
48.67292,148128
48.67982,145093
48.68672,142757
48.69362,145612
48.70050,142115
48.70740,143972
48.71430,144832
48.72118,145434
48.72808,144604
48.73498,144784
48.74188,147433
48.74877,146002
48.75567,145529
48.76257,150458
48.76947,148420
48.77635,147879
48.78325,149764
48.79015,150862
48.79703,148204
48.80393,145819
48.81083,149968
48.81773,148565
48.82462,146542
48.83152,151577
48.83842,150559
48.84530,153495
48.85220,152733
48.85910,149971
48.86600,149751
48.87288,150634
48.87978,149881
48.88668,153292
48.89358,150616
48.90047,147648
48.90737,151589
48.91427,154495
48.92115,153067
48.92805,150149
48.93495,151044
48.94185,149352
48.94873,152202
48.95563,154870
48.96253,153006
48.96943,153837
48.97632,156113
48.98322,150188
48.99012,150403
48.99700,154310
49.00390,154951
49.01080,153305
49.01770,155704
49.02458,156730
49.03148,155631
49.03838,157941
49.04527,157603
49.05217,154908
49.05907,158108
49.06597,156114
49.07285,160739
49.07975,153411
49.08665,156674
49.09355,156093
49.10043,156167
49.10733,155481
49.11423,155605
49.12112,159973
49.12802,156623
49.13492,156754
49.14182,155592
49.14870,156762
49.15560,154470
49.16250,158581
49.16940,156128
49.17628,158598
49.18318,159881
49.19008,157077
49.19697,160383
49.20387,157708
49.21077,159145
49.21767,161605
49.22455,158786
49.23145,162974
49.23835,161105
49.24523,156171
49.25213,161074
49.25903,159323
49.26593,163070
49.27282,164163
49.27972,161639
49.28662,160152
49.29352,157775
49.30040,158066
49.30730,159345
49.31420,160666
49.32108,161526
49.32798,158991
49.33488,165829
49.34178,160110
49.34867,162332
49.35557,161965
49.36247,157942
49.36935,162323
49.37625,160672
49.38315,155816
49.39005,160094
49.39693,162328
49.40383,161050
49.41073,160657
49.41763,163203
49.42452,161792
49.43142,163627
49.43832,161017
49.44520,161822
49.45210,166121
49.45900,157863
49.46590,164610
49.47278,165073
49.47968,161068
49.48658,162909
49.49348,164382
49.50037,169207
49.50727,163895
49.51417,163423
49.52105,164437
49.52795,165576
49.53485,160441
49.54175,166970
49.54863,164271
49.55553,164270
49.56243,164800
49.56932,163497
49.57622,166453
49.58312,163195
49.59002,164311
49.59690,163273
49.60380,163352
49.61070,165690
49.61760,170818
49.62448,165261
49.63138,167500
49.63828,163992
49.64517,169204
49.65207,166570
49.65897,165999
49.66587,164403
49.67275,165293
49.67965,165175
49.68655,164363
49.69345,163452
49.70033,161261
49.70723,161514
49.71413,162868
49.72102,166449
49.72792,168764
49.73482,165849
49.74172,162092
49.74860,162236
49.75550,163667
49.76240,164099
49.76928,162694
49.77618,165601
49.78308,168247
49.78998,165183
49.79687,169300
49.80377,165559
49.81067,165035
49.81757,165237
49.82445,167584
49.83135,170441
49.83825,166628
49.84513,169473
49.85203,166017
49.85893,166304
49.86583,167611
49.87272,168372
49.87962,166325
49.88652,167798
49.89342,164426
49.90030,164624
49.90720,162720
49.91410,167993
49.92098,164816
49.92788,165781
49.93478,166261
49.94168,164634
49.94857,164530
49.95547,163545
49.96237,165298
49.96925,165874
49.97615,166871
49.98305,165577
49.98995,168561
49.99683,169326
50.00373,166751
50.01063,169922
50.01753,164832
50.02442,168382
50.03132,165748
50.03822,171292
50.04510,165570
50.05200,167294
50.05890,165328
50.06580,171724
50.07268,166908
50.07958,167614
50.08648,168779
50.09338,163817
50.10027,164336
50.10717,169859
50.11407,164937
50.12095,166005
50.12785,166962
50.13475,168191
50.14165,168750
50.14853,168221
50.15543,165019
50.16233,168283
50.16922,168547
50.17612,166116
50.18302,168003
50.18992,167792
50.19680,168231
50.20370,166884
50.21060,168429
50.21750,165475
50.22438,167842
50.23128,168246
50.23818,167412
50.24507,169889
50.25197,165701
50.25887,166840
50.26577,172390
50.27265,168305
50.27955,164982
50.28645,164770
50.29335,165900
50.30023,168568
50.30713,170628
50.31403,169307
50.32092,165674
50.32782,167178
50.33472,167277
50.34162,168664
50.34850,166974
50.35540,168178
50.36230,168018
50.36918,164670
50.37608,166292
50.38298,165973
50.38988,166615
50.39677,168867
50.40367,171016
50.41057,166042
50.41747,163501
50.42435,166721
50.43125,167723
50.43815,167078
50.44503,166838
50.45193,165500
50.45883,168406
50.46573,168151
50.47262,169695
50.47952,164974
50.48642,168459
50.49330,166289
50.50020,167635
50.50710,165425
50.51400,167589
50.52088,167054
50.52778,169482
50.53468,164832
50.54158,164435
50.54847,166101
50.55537,167380
50.56227,168890
50.56915,166753
50.57605,168502
50.58295,164856
50.58985,170278
50.59673,164291
50.60363,168435
50.61053,163332
50.61743,166671
50.62432,166556
50.63122,166221
50.63812,165390
50.64500,163790
50.65190,166211
50.65880,162330
50.66570,167321
50.67258,167098
50.67948,169090
50.68638,167879
50.69327,163781
50.70017,167248
50.70707,165188
50.71397,165592
50.72085,164510
50.72775,162216
50.73465,165690
50.74155,162401
50.74843,167695
50.75533,166108
50.76223,167695
50.76912,166072
50.77602,163716
50.78292,164829
50.78982,166093
50.79670,163758
50.80360,161012
50.81050,161559
50.81740,166328
50.82428,170038
50.83118,165941
50.83808,165053
50.84497,166873
50.85187,165346
50.85877,164478
50.86567,165740
50.87255,163371
50.87945,166137
50.88635,162474
50.89323,162869
50.90013,167384
50.90703,162280
50.91393,164684
50.92082,164789
50.92772,163785
50.93462,163408
50.94152,164526
50.94840,164883
50.95530,166914
50.96220,161855
50.96908,164758
50.97598,163003
50.98288,165986
50.98978,161445
50.99667,163372
51.00357,165498
51.01047,164367
51.01737,163703
51.02425,164910
51.03115,160862
51.03805,165876
51.04493,166939
51.05183,161070
51.05873,164342
51.06563,163335
51.07252,168661
51.07942,161379
51.08632,164519
51.09320,163377
51.10010,164259
51.10700,164799
51.11390,164901
51.12078,166332
51.12768,162359
51.13458,159983
51.14148,162207
51.14837,164903
51.15527,163895
51.16217,162664
51.16905,163614
51.17595,161491
51.18285,165943
51.18975,162627
51.19663,163574
51.20353,163263
51.21043,169337
51.21733,160843
51.22422,163821
51.23112,165225
51.23802,165763
51.24490,168980
51.25180,171374
51.25870,164795
51.26560,162959
51.27248,161155
51.27938,165596
51.28628,163579
51.29317,162149
51.30007,167421
51.30697,167415
51.31387,165023
51.32075,166756
51.32765,164403
51.33455,162819
51.34145,166340
51.34833,164694
51.35523,165581
51.36213,164778
51.36902,164278
51.37592,167495
51.38282,165287
51.38972,164760
51.39660,165363
51.40350,167339
51.41040,163103
51.41728,166335
51.42418,162635
51.43108,164251
51.43798,169421
51.44487,162981
51.45177,165700
51.45867,169371
51.46557,164627
51.47245,166117
51.47935,165243
51.48625,163625
51.49313,164974
51.50003,164159
51.50693,160707
51.51383,160665
51.52072,163629
51.52762,160501
51.53452,161951
51.54142,167417
51.54830,163905
51.55520,166818
51.56210,161570
51.56898,166549
51.57588,164938
51.58278,162802
51.58968,159411
51.59657,164375
51.60347,163827
51.61037,157530
51.61725,164958
51.62415,162459
51.63105,162763
51.63795,158747
51.64483,162838
51.65173,165602
51.65863,163293
51.66553,162324
51.67242,161916
51.67932,160203
51.68622,160507
51.69310,164299
51.70000,161371
51.70690,162772
51.71380,162358
51.72068,162999
51.72758,163294
51.73448,165204
51.74138,164446
51.74827,164728
51.75517,160731
51.76207,165385
51.76895,163932
51.77585,162042
51.78275,161142
51.78965,163561
51.79653,162734
51.80343,160868
51.81033,163994
51.81722,163656
51.82412,161977
51.83102,158844
51.83792,160077
51.84480,163681
51.85170,162100
51.85860,163397
51.86550,160660
51.87238,161501
51.87928,163399
51.88618,164460
51.89307,162957
51.89997,160288
51.90687,162637
51.91377,162049
51.92065,164876
51.92755,165575
51.93445,166836
51.94135,164289
51.94823,164317
51.95513,162409
51.96203,166256
51.96892,163516
51.97582,162941
51.98272,160780
51.98962,159069
51.99650,159426
52.00340,164711
52.01030,162160
52.01718,160343
52.02408,160830
52.03098,160205
52.03788,157855
52.04477,158088
52.05167,159962
52.05857,160051
52.06547,164075
52.07235,160063
52.07925,161024
52.08615,157317
52.09303,161453
52.09993,161515
52.10683,165027
52.11373,163249
52.12062,160075
52.12752,160298
52.13442,159730
52.14130,159444
52.14820,160358
52.15510,161992
52.16200,161975
52.16888,158053
52.17578,162713
52.18268,165090
52.18958,159917
52.19647,158523
52.20337,161485
52.21027,160945
52.21715,161326
52.22405,160384
52.23095,160084
52.23785,159325
52.24473,158202
52.25163,159166
52.25853,159462
52.26543,161017
52.27232,161820
52.27922,160526
52.28612,161308
52.29300,161360
52.29990,162451
52.30680,163858
52.31370,158504
52.32058,161304
52.32748,158540
52.33438,161677
52.34127,161724
52.34817,160003
52.35507,158630
52.36197,162446
52.36885,162598
52.37575,159615
52.38265,162508
52.38955,161850
52.39643,163859
52.40333,160153
52.41023,164320
52.41712,161858
52.42402,159282
52.43092,161837
52.43782,159596
52.44470,160306
52.45160,161397
52.45850,162299
52.46540,160232
52.47228,163834
52.47918,159332
52.48608,159161
52.49297,160473
52.49987,161276
52.50677,160476
52.51367,163822
52.52055,166441
52.52745,161044
52.53435,161557
52.54123,163174
52.54813,160888
52.55503,161943
52.56193,160306
52.56882,164082
52.57572,162591
52.58262,162748
52.58952,159475
52.59640,163340
52.60330,163155
52.61020,163151
52.61708,163571
52.62398,160499
52.63088,161285
52.63778,164455
52.64467,162060
52.65157,161032
52.65847,158978
52.66537,160469
52.67225,162470
52.67915,160801
52.68605,162097
52.69293,155701
52.69983,161811
52.70673,159952
52.71363,159153
52.72052,161497
52.72742,162070
52.73432,161342
52.74120,162036
52.74810,161244
52.75500,162773
52.76190,156629
52.76878,159800
52.77568,160570
52.78258,156815
52.78948,164686
52.79637,162816
52.80327,159549
52.81017,159950
52.81705,160387
52.82395,163656
52.83085,162790
52.83775,162117
52.84463,159328
52.85153,161914
52.85843,161128
52.86533,154566
52.87222,160731
52.87912,159708
52.88602,158596
52.89290,156615
52.89980,162386
52.90670,159483
52.91360,161503
52.92048,160288
52.92738,160777
52.93428,162579
52.94117,161359
52.94807,158491
52.95497,164757
52.96187,158684
52.96875,156086
52.97565,160222
52.98255,159810
52.98945,160844
52.99633,160599
53.00323,158312
53.01013,158935
53.01702,162786
53.02392,161316
53.03082,161850
53.03772,163314
53.04460,162266
53.05150,162077
53.05840,157067
53.06528,159939
53.07218,157817
53.07908,157387
53.08598,160948
53.09287,156865
53.09977,162473
53.10667,162706
53.11357,160765
53.12045,162356
53.12735,158713
53.13425,159587
53.14113,157442
53.14803,158666
53.15493,163805
53.16183,158934
53.16872,163516
53.17562,158991
53.18252,161000
53.18942,159827
53.19630,156645
53.20320,161593
53.21010,158658
53.21698,163605
53.22388,159910
53.23078,160580
53.23768,154244
53.24457,161470
53.25147,160026
53.25837,158315
53.26525,157968
53.27215,160846
53.27905,164368
53.28595,160857
53.29283,155611
53.29973,158562
53.30663,160776
53.31353,165313
53.32042,158714
53.32732,156558
53.33422,161496
53.34110,159693
53.34800,157256
53.35490,157899
53.36180,162371
53.36868,158388
53.37558,159097
53.38248,161108
53.38938,160004
53.39627,161989
53.40317,160520
53.41007,159452
53.41695,157952
53.42385,160201
53.43075,162169
53.43765,163255
53.44453,158032
53.45143,156594
53.45833,157305
53.46522,162593
53.47212,156796
53.47902,159909
53.48592,154663
53.49280,158192
53.49970,159004
53.50660,162889
53.51350,154758
53.52038,162738
53.52728,158368
53.53418,159556
53.54107,161140
53.54797,160604
53.55487,159516
53.56177,158886
53.56865,160373
53.57555,160248
53.58245,158503
53.58935,160466
53.59623,156465
53.60313,162222
53.61003,158225
53.61692,158302
53.62382,158855
53.63072,158668
53.63762,160947
53.64450,159189
53.65140,157191
53.65830,156530
53.66518,156990
53.67208,161052
53.67898,160859
53.68588,158003
53.69277,158613
53.69967,158503
53.70657,156319
53.71347,162568
53.72035,156714
53.72725,155919
53.73415,158350
53.74103,160069
53.74793,158796
53.75483,159658
53.76173,160603
53.76862,158157
53.77552,158045
53.78242,162943
53.78932,160970
53.79620,159432
53.80310,162649
53.81000,154052
53.81688,158323
53.82378,157942
53.83068,155950
53.83758,157136
53.84447,158034
53.85137,157884
53.85827,160148
53.86515,161512
53.87205,157085
53.87895,157474
53.88585,157859
53.89273,157541
53.89963,159227
53.90653,157700
53.91343,154894
53.92032,159477
53.92722,157959
53.93412,159063
53.94100,159414
53.94790,158650
53.95480,160181
53.96170,159945
53.96858,161592
53.97548,155556
53.98238,159666
53.98928,162169
53.99617,159807
54.00307,158251
54.00997,161412
54.01685,160296
54.02375,161672
54.03065,162791
54.03755,159721
54.04443,160349
54.05133,161171
54.05823,162556
54.06512,160659
54.07202,159316
54.07892,158386
54.08582,158516
54.09270,160926
54.09960,164465
54.10650,155971
54.11340,165520
54.12028,159151
54.12718,161312
54.13408,157754
54.14097,162023
54.14787,165007
54.15477,162575
54.16167,162193
54.16855,160156
54.17545,159524
54.18235,162958
54.18923,161811
54.19613,162983
54.20303,163933
54.20993,161002
54.21682,161946
54.22372,155368
54.23062,162602
54.23752,166460
54.24440,162980
54.25130,163632
54.25820,155899
54.26508,161964
54.27198,164518
54.27888,163588
54.28578,159772
54.29267,156418
54.29957,162264
54.30647,158358
54.31337,154507
54.32025,159496
54.32715,157584
54.33405,161168
54.34093,161805
54.34783,158839
54.35473,161549
54.36163,157643
54.36852,156106
54.37542,156999
54.38232,156418
54.38920,160671
54.39610,153767
54.40300,157984
54.40990,156069
54.41678,157113
54.42368,156428
54.43058,155780
54.43748,158977
54.44437,157535
54.45127,155936
54.45817,156056
54.46505,153332
54.47195,157013
54.47885,155801
54.48575,156466
54.49263,156181
54.49953,155614
54.50643,155659
54.51333,160393
54.52022,160198
54.52712,159578
54.53402,157902
54.54090,156613
54.54780,157513
54.55470,158271
54.56160,157155
54.56848,158251
54.57538,153927
54.58228,155282
54.58917,153305
54.59607,157419
54.60297,158550
54.60987,156399
54.61675,160195
54.62365,156050
54.63055,158219
54.63745,155011
54.64433,157304
54.65123,153044
54.65813,156852
54.66502,153833
54.67192,150600
54.67882,154394
54.68572,156714
54.69260,155177
54.69950,151792
54.70640,155727
54.71330,155477
54.72018,156539
54.72708,157291
54.73398,159979
54.74087,154165
54.74777,158497
54.75467,160171
54.76157,155980
54.76845,153093
54.77535,158134
54.78225,157381
54.78913,153354
54.79603,158644
54.80293,157085
54.80983,157430
54.81672,158051
54.82362,155428
54.83052,160829
54.83742,156834
54.84430,155499
54.85120,157926
54.85810,156851
54.86498,156916
54.87188,156805
54.87878,155038
54.88568,158566
54.89257,156564
54.89947,153277
54.90637,156958
54.91325,153671
54.92015,158523
54.92705,157170
54.93395,156280
54.94083,154485
54.94773,153052
54.95463,155951
54.96153,155325
54.96842,158099
54.97532,160509
54.98222,158722
54.98910,160133
54.99600,154622
55.00290,156918
55.00980,155687
55.01668,162763
55.02358,157397
55.03048,155731
55.03738,152600
55.04427,158100
55.05117,156373
55.05807,157015
55.06495,155616
55.07185,159233
55.07875,157459
55.08565,157381
55.09253,155035
55.09943,162354
55.10633,157705
55.11322,160907
55.12012,156161
55.12702,156669
55.13392,160712
55.14080,158225
55.14770,157873
55.15460,154845
55.16150,155795
55.16838,156662
55.17528,155059
55.18218,159022
55.18907,156640
55.19597,156451
55.20287,154693
55.20977,158504
55.21665,156405
55.22355,153957
55.23045,155261
55.23735,156106
55.24423,158222
55.25113,157247
55.25803,160697
55.26492,152548
55.27182,158537
55.27872,156983
55.28562,156246
55.29250,155071
55.29940,155772
55.30630,159790
55.31318,156799
55.32008,152236
55.32698,161553
55.33388,153470
55.34077,155328
55.34767,157595
55.35457,153782
55.36147,158319
55.36835,156533
55.37525,157656
55.38215,156026
55.38903,154802
55.39593,154187
55.40283,154781
55.40973,157759
55.41662,153990
55.42352,155678
55.43042,158828
55.43732,156180
55.44420,157507
55.45110,156616
55.45800,157847
55.46488,155995
55.47178,156406
55.47868,157686
55.48558,159771
55.49247,155575
55.49937,156671
55.50627,158513
55.51315,160729
55.52005,156399
55.52695,160881
55.53385,161955
55.54073,161453
55.54763,162939
55.55453,162733
55.56143,158766
55.56832,159688
55.57522,165575
55.58212,162237
55.58900,162784
55.59590,159076
55.60280,161194
55.60970,163264
55.61658,162795
55.62348,161810
55.63038,158809
55.63728,157483
55.64417,156557
55.65107,157849
55.65797,161187
55.66485,158517
55.67175,160429
55.67865,157701
55.68555,160389
55.69243,159584
55.69933,158066
55.70623,161445
55.71312,158467
55.72002,157241
55.72692,157215
55.73382,157322
55.74070,160330
55.74760,154869
55.75450,159337
55.76140,159629
55.76828,156702
55.77518,156974
55.78208,157280
55.78897,156516
55.79587,155530
55.80277,159422
55.80967,156372
55.81655,155926
55.82345,158541
55.83035,156594
55.83725,156873
55.84413,158277
55.85103,159421
55.85793,158299
55.86482,155500
55.87172,156226
55.87862,158483
55.88552,156344
55.89240,160096
55.89930,159676
55.90620,157100
55.91308,156827
55.91998,157624
55.92688,156396
55.93378,161909
55.94067,157913
55.94757,158636
55.95447,156820
55.96137,158398
55.96825,153809
55.97515,158424
55.98205,157140
55.98893,160987
55.99583,160269
56.00273,161241
56.00963,160077
56.01652,164542
56.02342,161092
56.03032,164365
56.03720,162996
56.04410,163209
56.05100,164862
56.05790,162246
56.06478,163668
56.07168,167029
56.07858,161181
56.08548,162589
56.09237,160192
56.09927,158308
56.10617,164463
56.11305,162027
56.11995,159844
56.12685,158422
56.13375,159861
56.14063,163493
56.14753,156262
56.15443,158266
56.16133,157059
56.16822,156050
56.17512,156957
56.18202,157371
56.18890,156910
56.19580,154265
56.20270,157179
56.20960,156909
56.21648,157121
56.22338,156549
56.23028,155757
56.23717,158512
56.24407,154604
56.25097,158258
56.25787,157159
56.26475,155381
56.27165,159065
56.27855,153884
56.28545,152661
56.29233,156658
56.29923,158471
56.30613,156646
56.31302,155748
56.31992,154085
56.32682,154497
56.33372,155404
56.34060,155984
56.34750,157280
56.35440,152839
56.36130,157118
56.36818,151504
56.37508,154113
56.38198,158031
56.38887,153869
56.39577,152324
56.40267,156129
56.40957,154473
56.41645,156791
56.42335,154419
56.43025,151439
56.43713,154912
56.44403,156102
56.45093,157077
56.45783,156793
56.46472,154911
56.47162,154492
56.47852,153311
56.48542,156124
56.49230,154182
56.49920,157321
56.50610,153482
56.51298,154532
56.51988,156418
56.52678,154723
56.53368,153364
56.54057,157177
56.54747,157158
56.55437,151095
56.56127,153560
56.56815,153921
56.57505,151350
56.58195,152192
56.58883,153726
56.59573,155495
56.60263,151873
56.60953,153727
56.61642,155356
56.62332,155757
56.63022,154913
56.63710,151590
56.64400,153706
56.65090,155542
56.65780,153988
56.66468,156350
56.67158,154215
56.67848,155168
56.68538,156493
56.69227,156560
56.69917,154066
56.70607,153706
56.71295,156481
56.71985,155295
56.72675,154700
56.73365,155444
56.74053,151049
56.74743,151245
56.75433,152708
56.76123,151824
56.76812,152422
56.77502,157346
56.78192,154945
56.78880,153652
56.79570,152355
56.80260,155227
56.80950,155052
56.81638,153565
56.82328,152959
56.83018,153412
56.83707,155985
56.84397,150919
56.85087,153843
56.85777,153316
56.86465,153726
56.87155,148603
56.87845,156424
56.88535,149957
56.89223,152499
56.89913,152013
56.90603,154708
56.91292,153809
56.91982,151169
56.92672,153718
56.93362,153445
56.94050,152194
56.94740,156128
56.95430,156841
56.96118,155345
56.96808,152928
56.97498,153088
56.98188,152779
56.98877,151859
56.99567,150731
57.00257,155422
57.00947,153467
57.01635,151233
57.02325,155866
57.03015,150995
57.03703,152727
57.04393,154732
57.05083,155666
57.05773,153604
57.06462,151118
57.07152,152466
57.07842,153994
57.08532,157867
57.09220,154622
57.09910,155807
57.10600,152746
57.11288,155302
57.11978,151454
57.12668,155080
57.13358,156248
57.14047,155294
57.14737,152420
57.15427,156102
57.16115,152278
57.16805,151511
57.17495,153704
57.18185,151729
57.18873,153449
57.19563,154375
57.20253,150301
57.20943,152064
57.21632,154449
57.22322,153982
57.23012,155132
57.23700,152684
57.24390,150735
57.25080,154740
57.25770,153208
57.26458,151360
57.27148,153156
57.27838,151732
57.28528,152821
57.29217,156199
57.29907,155139
57.30597,152763
57.31285,153121
57.31975,153053
57.32665,154604
57.33355,151352
57.34043,151897
57.34733,153835
57.35423,152000
57.36112,153907
57.36802,154938
57.37492,151602
57.38182,153808
57.38870,157060
57.39560,155041
57.40250,155691
57.40940,154565
57.41628,151426
57.42318,153467
57.43008,153540
57.43697,151703
57.44387,153860
57.45077,155808
57.45767,154715
57.46455,150155
57.47145,152189
57.47835,152785
57.48525,153103
57.49213,153196
57.49903,154581
57.50593,149932
57.51282,156668
57.51972,153396
57.52662,151345
57.53352,152951
57.54040,153751
57.54730,156757
57.55420,153597
57.56108,151169
57.56798,151941
57.57488,156923
57.58178,152302
57.58867,149682
57.59557,151969
57.60247,151810
57.60937,149229
57.61625,155690
57.62315,151610
57.63005,150791
57.63693,153160
57.64383,152044
57.65073,151131
57.65763,153971
57.66452,152910
57.67142,152137
57.67832,155455
57.68520,149717
57.69210,152902
57.69900,151113
57.70590,158543
57.71278,151854
57.71968,153149
57.72658,150301
57.73348,153349
57.74037,153257
57.74727,154902
57.75417,150969
57.76105,151065
57.76795,150767
57.77485,154079
57.78175,154144
57.78863,152975
57.79553,154467
57.80243,153701
57.80933,151721
57.81622,154876
57.82312,153501
57.83002,153747
57.83690,154608
57.84380,149181
57.85070,152528
57.85760,147774
57.86448,154651
57.87138,151914
57.87828,152059
57.88517,153524
57.89207,149638
57.89897,153752
57.90587,150154
57.91275,156490
57.91965,153474
57.92655,151570
57.93345,152878
57.94033,152649
57.94723,154934
57.95413,149759
57.96102,154024
57.96792,150978
57.97482,153488
57.98172,155950
57.98860,151434
57.99550,152425
58.00240,150551
58.00930,154535
58.01618,153099
58.02308,149648
58.02998,150949
58.03687,154447
58.04377,152105
58.05067,153430
58.05757,152667
58.06445,149607
58.07135,153632
58.07825,150165
58.08513,150050
58.09203,149231
58.09893,153793
58.10583,152528
58.11272,150946
58.11962,154996
58.12652,153167
58.13342,150117
58.14030,150195
58.14720,151011
58.15410,150304
58.16098,150350
58.16788,149152
58.17478,151116
58.18168,153669
58.18857,152092
58.19547,152315
58.20237,157045
58.20927,149225
58.21615,152156
58.22305,150206
58.22995,151112
58.23683,153346
58.24373,154839
58.25063,154079
58.25753,149374
58.26442,156877
58.27132,153303
58.27822,151937
58.28510,153074
58.29200,153672
58.29890,153900
58.30580,149780
58.31268,154837
58.31958,153145
58.32648,150000
58.33338,151096
58.34027,152654
58.34717,154768
58.35407,154174
58.36095,150424
58.36785,148675
58.37475,152805
58.38165,155512
58.38853,151082
58.39543,154631
58.40233,150494
58.40923,152603
58.41612,152110
58.42302,154794
58.42992,149753
58.43680,153555
58.44370,151704
58.45060,151595
58.45750,152866
58.46438,156304
58.47128,154142
58.47818,152802
58.48507,155280
58.49197,155067
58.49887,149873
58.50577,148951
58.51265,152080
58.51955,150576
58.52645,153349
58.53335,155192
58.54023,151808
58.54713,153932
58.55403,148749
58.56092,154024
58.56782,152764
58.57472,154418
58.58162,152232
58.58850,153154
58.59540,152604
58.60230,152663
58.60920,156389
58.61608,149870
58.62298,154732
58.62988,152804
58.63677,151509
58.64367,152708
58.65057,150863
58.65747,155488
58.66435,160473
58.67125,154101
58.67815,148692
58.68503,154704
58.69193,153894
58.69883,151530
58.70573,156446
58.71262,154164
58.71952,153224
58.72642,153413
58.73332,150457
58.74020,153097
58.74710,149615
58.75400,151275
58.76088,154843
58.76778,154831
58.77468,151445
58.78158,156798
58.78847,152919
58.79537,150784
58.80227,150855
58.80915,153285
58.81605,154103
58.82295,155126
58.82985,153723
58.83673,149001
58.84363,151622
58.85053,155300
58.85743,152415
58.86432,156530
58.87122,154839
58.87812,154059
58.88500,158837
58.89190,149850
58.89880,155250
58.90570,152431
58.91258,160519
58.91948,153091
58.92638,153772
58.93328,154015
58.94017,154305
58.94707,153766
58.95397,152862
58.96085,152104
58.96775,149678
58.97465,153105
58.98155,153020
58.98843,158389
